The number of nodes: 3513
The number of nodes: 3513
The number of nodes: 3513
The number of edges: 17227
The number of self-loop: 0
The in-degree and out-degree of nodes
Node 	 In-degree 	 Out-degree
2567326687 	 2 	 12
348338919 	 12 	 2
632418591 	 2 	 0
2585458779 	 0 	 4
1747573494 	 0 	 1
624180964 	 0 	 1
412538263 	 0 	 5
2574789933 	 0 	 1
2239061306 	 0 	 1
35272731 	 16 	 25
529789032 	 0 	 1
975284562 	 0 	 2
2818945482 	 0 	 1
3053556879 	 3 	 8
1094994919 	 0 	 4
1673319876 	 0 	 1
114592176 	 0 	 5
600657541 	 5 	 19
2440076084 	 0 	 4
3028302445 	 1 	 3
48762145 	 0 	 1
831840926 	 136 	 8
2981536708 	 1 	 5
192782446 	 0 	 3
122097290 	 0 	 1
1078719553 	 0 	 2
1242444086 	 7 	 3
3035288194 	 9 	 11
135209978 	 1 	 122
27267518 	 2 	 16
1377398754 	 0 	 2
499002616 	 13 	 80
19405774 	 19 	 0
2230654320 	 0 	 1
501171492 	 1 	 10
2605477201 	 0 	 3
185056717 	 6 	 1
3008241467 	 2 	 0
2554560854 	 0 	 2
1319203380 	 5 	 2
2438463553 	 0 	 1
843246134 	 0 	 2
3038556179 	 6 	 4
2166510162 	 1 	 0
1697354906 	 3 	 8
2960716202 	 0 	 1
2888682471 	 12 	 5
3086868114 	 0 	 1
2294951304 	 59 	 27
2981635974 	 53 	 45
2979201065 	 5 	 0
944095717 	 0 	 2
1167384414 	 1 	 0
2867245461 	 1 	 0
1099439623 	 2 	 0
455569571 	 39 	 0
3020775656 	 0 	 3
1612762249 	 1 	 4
2614408167 	 0 	 5
3082865183 	 0 	 1
890973288 	 2 	 1
760394310 	 18 	 0
2924615670 	 1 	 0
3054401041 	 1 	 0
1853083740 	 0 	 2
362600644 	 0 	 3
913106383 	 17 	 0
2309336790 	 5 	 1
2250861852 	 5 	 20
2941504727 	 0 	 2
127648517 	 0 	 6
1021243860 	 0 	 2
1943875518 	 0 	 31
1107245461 	 0 	 9
2772816767 	 7 	 4
2686929092 	 0 	 4
1329117284 	 3 	 30
2538037752 	 1 	 2
479034909 	 9 	 9
2882584129 	 16 	 90
1097261840 	 0 	 3
995320604 	 0 	 3
2342502464 	 0 	 2
103044583 	 0 	 1
2594820642 	 12 	 33
135553566 	 12 	 3
2818668985 	 4 	 6
2205540630 	 0 	 6
615449529 	 0 	 1
19881665 	 1 	 0
2900561003 	 11 	 13
2956922327 	 0 	 2
867352153 	 1 	 13
528104233 	 33 	 114
3088190841 	 1 	 0
1413932856 	 0 	 1
1511201659 	 4 	 0
223702385 	 0 	 1
2961342400 	 1 	 0
33470306 	 34 	 85
2925200269 	 9 	 0
2303806101 	 1 	 2
970183279 	 1 	 3
1390836530 	 17 	 9
2871277750 	 10 	 10
3031338512 	 114 	 0
777200318 	 35 	 7
2787178275 	 10 	 3
2593827415 	 2 	 10
2290064037 	 0 	 1
2352867032 	 0 	 4
96123615 	 7 	 0
2889717267 	 3 	 0
1850048894 	 2 	 4
2774113506 	 1 	 0
2443523367 	 1 	 1
2515890871 	 4 	 2
3092569571 	 13 	 15
2848708305 	 1 	 0
712423225 	 3 	 1
2873036937 	 5 	 0
1449754903 	 0 	 4
2797040149 	 0 	 1
2305831380 	 0 	 2
713353539 	 0 	 1
46508855 	 113 	 88
1263610592 	 16 	 35
545075817 	 60 	 59
2508764293 	 1 	 1
1210448972 	 0 	 1
1338829147 	 0 	 4
446500690 	 1 	 3
2674273364 	 0 	 4
2358597443 	 0 	 2
3065410263 	 8 	 0
2940526043 	 0 	 1
2322524761 	 7 	 31
2715333104 	 8 	 0
219787196 	 0 	 1
138663266 	 221 	 465
1420739767 	 2 	 0
1686971364 	 28 	 10
1008706976 	 3 	 0
3037555714 	 1 	 0
1072386780 	 1 	 25
700841587 	 2 	 8
772624508 	 10 	 79
2607536108 	 9 	 18
1853317980 	 25 	 46
3023255718 	 4 	 7
2762402950 	 54 	 33
2959849246 	 1 	 0
7775542 	 22 	 44
2561943207 	 1 	 0
587683302 	 0 	 1
1957392475 	 0 	 6
496194023 	 0 	 10
544226942 	 0 	 8
1083554514 	 8 	 4
2880375561 	 2 	 0
1628509404 	 0 	 3
2842079785 	 1 	 0
2958599709 	 1 	 0
69970162 	 56 	 107
2957095316 	 1 	 8
3020543105 	 1 	 0
135964180 	 0 	 13
2956901459 	 59 	 73
125441481 	 1 	 15
2978347262 	 4 	 0
393790948 	 0 	 1
711206017 	 0 	 2
368940233 	 2 	 2
97263296 	 40 	 12
1240922288 	 0 	 1
2891883116 	 11 	 43
582751383 	 1 	 0
2757496420 	 0 	 77
1059183000 	 0 	 1
954940014 	 0 	 8
2744058671 	 0 	 11
435751098 	 1 	 0
1405190394 	 2 	 0
278968450 	 5 	 30
244237521 	 1261 	 8
81645502 	 0 	 1
2888892983 	 0 	 2
2834212701 	 0 	 2
1499403746 	 4 	 2
2885307757 	 0 	 1
1115208852 	 1 	 0
2940116620 	 0 	 5
1431505633 	 1 	 0
1127197028 	 4 	 4
1895455093 	 7 	 26
3053649606 	 0 	 5
865075694 	 3 	 4
2718809621 	 0 	 3
63722246 	 0 	 2
575613287 	 0 	 4
713475560 	 0 	 1
2435585468 	 57 	 76
2971721831 	 0 	 2
2927453554 	 1 	 0
2795213598 	 0 	 1
1315079006 	 1 	 1
785968226 	 5 	 0
3009850459 	 1 	 2
2950589589 	 6 	 2
91409460 	 1 	 0
2619345784 	 23 	 0
2937060923 	 0 	 4
1881003902 	 1 	 0
1005019958 	 21 	 12
285356012 	 0 	 1
320346780 	 9 	 28
3020346872 	 0 	 1
17792871 	 1 	 3
1081135525 	 0 	 2
598834740 	 0 	 74
173955306 	 308 	 239
2955892593 	 2 	 0
3045559810 	 13 	 5
110191605 	 0 	 1
2670222367 	 386 	 84
1726639776 	 0 	 10
2227612753 	 1 	 2
358453591 	 0 	 1
2915944173 	 3 	 4
386790602 	 2 	 3
2911885096 	 0 	 3
108154439 	 0 	 1
2957643993 	 0 	 2
1157363378 	 7 	 3
2287739683 	 1 	 0
601964207 	 1 	 0
1692004315 	 80 	 81
574533527 	 1 	 5
3029151545 	 1 	 0
709755568 	 1 	 8
2179035822 	 2 	 0
1126132572 	 1 	 1
2529256320 	 1 	 0
1686553166 	 0 	 1
599501072 	 0 	 1
2584872850 	 26 	 0
846960362 	 18 	 5
2895013596 	 1 	 2
1428907604 	 0 	 17
2339680500 	 0 	 1
422917241 	 0 	 11
3124489851 	 0 	 2
708088992 	 0 	 2
2925092136 	 0 	 2
2984480687 	 0 	 1
2651765658 	 2 	 8
1674753672 	 0 	 1
544059435 	 2 	 4
128321908 	 284 	 683
90949762 	 12 	 87
2898867599 	 6 	 74
2745927437 	 23 	 9
298031274 	 1 	 0
431338636 	 0 	 1
289617959 	 0 	 5
915668126 	 36 	 49
537194703 	 71 	 49
3001638483 	 4 	 0
1455892946 	 3 	 0
852369529 	 5 	 61
3091550128 	 0 	 3
1463782273 	 0 	 7
2556153951 	 0 	 2
1260418842 	 0 	 4
533568170 	 1 	 0
2445712264 	 11 	 18
2275237666 	 8 	 11
2896722495 	 0 	 3
2211011073 	 55 	 1203
2726964856 	 0 	 1
1318470781 	 1 	 0
774040921 	 0 	 3
2395111018 	 18 	 18
2272173246 	 0 	 1
2903618757 	 4 	 0
2728346110 	 4 	 0
2895257727 	 1 	 1
202642499 	 20 	 8
2568296067 	 0 	 1
2879884035 	 0 	 6
3026609308 	 0 	 15
2896138714 	 18 	 15
2363008071 	 2 	 0
589341373 	 19 	 2
1049665681 	 3 	 8
498550641 	 0 	 1
230238838 	 0 	 4
1431299167 	 0 	 12
2722395898 	 0 	 3
486073610 	 10 	 9
2839446221 	 41 	 42
910784275 	 0 	 1
2580912856 	 1 	 0
2739635613 	 18 	 21
2957732740 	 0 	 1
1322259654 	 0 	 1
195630483 	 66 	 0
2811892259 	 0 	 11
885727274 	 1 	 0
2541263127 	 0 	 1
1106979248 	 0 	 1
961852904 	 31 	 1
2736022587 	 1 	 2
2566146384 	 115 	 47
449191378 	 0 	 2
725492370 	 18 	 0
2876814431 	 1 	 0
2196647034 	 53 	 84
472364249 	 2 	 0
2628518626 	 0 	 1
3098003831 	 17 	 7
2547463878 	 0 	 1
613475055 	 2 	 0
2908293855 	 17 	 1
1499067542 	 0 	 5
2727206500 	 0 	 2
3044818767 	 0 	 3
14221588 	 1292 	 157
3024648801 	 2 	 2
1410450493 	 0 	 4
2984748547 	 2 	 4
222409989 	 4 	 8
2646956742 	 0 	 8
32780064 	 0 	 15
2522946086 	 13 	 12
2153833606 	 1 	 0
1467789518 	 1 	 8
2157667283 	 6 	 1
31624328 	 81 	 10
448282180 	 0 	 41
935703188 	 0 	 4
2764733077 	 1 	 0
2390919775 	 0 	 5
898626824 	 2 	 1
3035849045 	 6 	 0
2502311508 	 4 	 20
2910638663 	 1 	 2
2281342585 	 0 	 5
2517465179 	 3 	 1
745180039 	 6 	 8
2879920904 	 0 	 2
44633681 	 44 	 1
2364855890 	 1 	 1
707163436 	 0 	 1
2853754570 	 160 	 10
3056459301 	 0 	 2
2366597018 	 34 	 25
2924448458 	 1 	 0
1223183936 	 0 	 3
2932806203 	 1 	 15
3106518782 	 0 	 4
2733576793 	 61 	 3
340369078 	 0 	 2
2203664085 	 1 	 3
31706187 	 5 	 8
1597185804 	 0 	 1
2869896284 	 4 	 15
1090408218 	 18 	 24
2765678787 	 3 	 7
1059028956 	 0 	 1
1096249652 	 2 	 3
2813807419 	 2 	 0
2900202563 	 14 	 0
532465771 	 0 	 16
2254676649 	 1 	 30
1239730777 	 2 	 0
2747148105 	 0 	 1
2979232222 	 0 	 2
428538189 	 4 	 7
3013633329 	 0 	 3
2508883367 	 2 	 4
1187920232 	 1 	 4
3063349663 	 29 	 6
2357133759 	 0 	 7
185049864 	 56 	 54
487728741 	 9 	 6
2960943219 	 9 	 6
2453853910 	 14 	 17
604796662 	 1 	 8
2465830805 	 2 	 0
2786847964 	 3 	 1
636596002 	 8 	 2
150290471 	 82 	 23
925696050 	 0 	 1
2913037232 	 0 	 2
89330165 	 61 	 102
21395879 	 1685 	 306
2247581354 	 1 	 0
3010670810 	 1 	 0
2550962437 	 18 	 12
2909674373 	 1 	 0
294450221 	 0 	 1
2978858961 	 0 	 1
274182382 	 0 	 22
2979133001 	 0 	 1
857152232 	 0 	 3
129644027 	 633 	 51
630723069 	 0 	 7
2591467501 	 7 	 4
588726003 	 3 	 0
1373282454 	 5 	 0
287894847 	 0 	 7
3037567171 	 2 	 0
1167726139 	 2 	 1
480745139 	 9 	 1
587782443 	 3 	 5
2701165350 	 0 	 10
1323608833 	 0 	 5
244939585 	 0 	 1
1109782843 	 56 	 60
1940990198 	 21 	 30
27910684 	 1 	 13
2749791742 	 0 	 1
3034767184 	 0 	 1
273437243 	 0 	 7
1243989192 	 13 	 4
1148631102 	 2 	 4
823776600 	 24 	 9
1080569088 	 0 	 6
2945300859 	 1 	 1
2171221659 	 0 	 1
1284096710 	 0 	 3
605728170 	 2 	 1
2901983343 	 4 	 2
2302917621 	 1 	 0
396841251 	 0 	 3
1329497268 	 0 	 4
1895670512 	 0 	 1
312963709 	 1 	 1
979186782 	 1 	 4
3054478538 	 0 	 11
1261239666 	 14 	 9
1468886311 	 2 	 27
2251889618 	 1 	 7
2739436903 	 0 	 1
31216084 	 168 	 583
213031586 	 1 	 12
2920121289 	 0 	 6
1346561412 	 0 	 1
1075421527 	 124 	 346
1500284598 	 0 	 4
704369580 	 0 	 1
976849022 	 8 	 2
2942576517 	 2 	 2
2468269830 	 16 	 3
2584217033 	 1 	 2
2276849961 	 7 	 3
1584209269 	 0 	 15
2931470063 	 2 	 1
1061634667 	 0 	 7
592109858 	 1 	 2
423116142 	 4 	 4
2253906258 	 1 	 0
2773868667 	 0 	 1
717205588 	 16 	 67
1529213676 	 17 	 7
2235146064 	 14 	 3
3019195853 	 18 	 0
2924368089 	 5 	 13
2166253636 	 2 	 5
2198647110 	 92 	 59
2396852748 	 1 	 2
3102510248 	 1 	 2
84589544 	 0 	 1
824268396 	 0 	 1
2822993704 	 1 	 1
1674516554 	 13 	 3
2997865690 	 20 	 59
762598986 	 0 	 2
1110321746 	 5 	 0
34438619 	 15 	 0
2991434443 	 10 	 0
2965186032 	 3 	 0
1685756005 	 81 	 21
1671796832 	 10 	 6
1008143239 	 1 	 0
915370620 	 40 	 32
324779542 	 7 	 4
1630367371 	 1 	 0
385868753 	 10 	 24
3088859006 	 19 	 4
2336580843 	 3 	 6
2939886686 	 47 	 91
1659195750 	 0 	 2
97198239 	 43 	 0
837465980 	 0 	 1
1335133632 	 0 	 2
630334313 	 5 	 4
1176300842 	 1 	 1
16192111 	 191 	 100
3087428006 	 56 	 2
2454699672 	 4 	 0
937751498 	 0 	 1
2883491925 	 0 	 1
2703787545 	 0 	 2
2567880484 	 4 	 1
1018920110 	 0 	 16
2241703724 	 1 	 0
2688118661 	 1 	 0
1410931411 	 17 	 14
227392272 	 0 	 11
368645204 	 4 	 0
1970021965 	 0 	 3
3092314834 	 0 	 1
518156339 	 1 	 1
731105472 	 0 	 7
2798048167 	 4 	 5
2945336963 	 0 	 1
1561695043 	 4 	 11
711871560 	 1 	 1
1321353174 	 1 	 7
2734355331 	 5 	 1
606014371 	 6 	 4
1963113289 	 45 	 57
3107026614 	 1 	 1
1190127122 	 0 	 5
2962116005 	 0 	 6
249024067 	 0 	 2
1911470502 	 0 	 1
62083840 	 24 	 5
2159169763 	 1 	 8
1973316967 	 1 	 2
58621011 	 11 	 2
38001218 	 2209 	 229
2506739736 	 0 	 13
2326323615 	 2 	 10
2998919746 	 0 	 2
1699678674 	 5 	 23
1542382298 	 5 	 0
968857844 	 1 	 0
713727168 	 13 	 3
1155862230 	 39 	 38
1423333874 	 0 	 5
325175035 	 13 	 1
967054796 	 0 	 9
2965159287 	 19 	 24
537378311 	 49 	 3
2558673519 	 0 	 3
2781639245 	 2 	 0
2269456136 	 2 	 0
751871257 	 5 	 7
907045382 	 0 	 2
2910308671 	 1 	 0
2674599800 	 1 	 4
2873444470 	 3 	 0
20786842 	 2 	 8
2938014303 	 0 	 2
2889460407 	 3 	 0
2800033322 	 2 	 0
3006995960 	 10 	 12
602938795 	 0 	 1
2902437564 	 5 	 0
2809830512 	 6 	 0
2299894347 	 0 	 27
1551453048 	 11 	 10
2847051356 	 0 	 11
1655628307 	 1 	 0
3062226205 	 1 	 2
475207776 	 0 	 2
2522760990 	 5 	 7
2450069605 	 2 	 17
232444717 	 822 	 138
1038962886 	 1 	 3
1562420970 	 3 	 5
3044054369 	 0 	 1
2822791770 	 2 	 5
1373452250 	 14 	 1
871714910 	 0 	 6
2631434421 	 2 	 15
41109816 	 73 	 51
1056168192 	 1 	 0
2715354959 	 1 	 1
1350874850 	 12 	 16
545376677 	 10 	 0
415851931 	 0 	 1
189631008 	 0 	 3
2764709561 	 4 	 21
39414741 	 26 	 62
70871291 	 1 	 6
2461374865 	 1 	 6
366035924 	 15 	 7
2937775596 	 0 	 1
3129787019 	 2 	 0
91373188 	 194 	 26
457706466 	 1 	 6
2949553611 	 2 	 1
1568674100 	 1 	 14
2353997862 	 0 	 6
2987744464 	 28 	 5
705553072 	 6 	 27
2836473335 	 126 	 379
2400168135 	 2 	 14
2455729694 	 1 	 0
1976498636 	 1 	 2
2930323604 	 0 	 1
502603027 	 0 	 1
1406309394 	 10 	 16
2994767662 	 0 	 6
2923364749 	 0 	 1
3095564407 	 11 	 0
2615278179 	 366 	 57
2855192379 	 6 	 2
1121049320 	 0 	 2
213037272 	 333 	 696
2377692914 	 40 	 8
1620469022 	 2 	 4
2236205708 	 0 	 2
2234796254 	 0 	 2
2559740585 	 10 	 10
855791893 	 522 	 884
464146062 	 16 	 5
2776291506 	 6 	 0
2846283317 	 0 	 1
1665579421 	 2 	 13
2845813648 	 62 	 70
87972159 	 0 	 3
2956331206 	 0 	 2
1621307221 	 0 	 3
772928647 	 1 	 0
1148981760 	 6 	 4
2330654904 	 0 	 1
2307597428 	 1 	 14
1305428378 	 1 	 3
2365463627 	 0 	 6
327089688 	 1 	 32
550525051 	 2 	 7
2153387948 	 9 	 7
2546461995 	 0 	 12
2549259533 	 4 	 0
2873231799 	 2 	 3
3033499952 	 0 	 2
2927394968 	 0 	 2
2901655468 	 0 	 1
64836760 	 1 	 6
794821652 	 0 	 1
539608375 	 1 	 10
948719917 	 27 	 16
2413179710 	 29 	 0
3025618571 	 3 	 4
818317272 	 0 	 4
1671412549 	 0 	 1
2932694680 	 0 	 1
1090278656 	 1 	 0
2477823223 	 7 	 3
2755912035 	 4 	 5
1571736818 	 0 	 1
1314492812 	 4 	 6
2739545883 	 1 	 0
859486016 	 5 	 0
3072289255 	 1 	 0
626680694 	 0 	 4
2474443172 	 1 	 2
2980753563 	 0 	 1
2884853789 	 0 	 2
374751288 	 8 	 5
1013799096 	 0 	 1
2154702807 	 0 	 1
743271156 	 19 	 7
395239132 	 1 	 1
2974338520 	 5 	 10
2708037326 	 0 	 1
760427275 	 4 	 14
2854108432 	 0 	 3
2724886479 	 0 	 1
2336131837 	 0 	 2
1535578224 	 2 	 2
623101932 	 0 	 1
1117334162 	 1 	 0
264942224 	 0 	 5
858319554 	 0 	 3
1321057975 	 0 	 1
2982959775 	 2 	 8
79814635 	 1 	 0
567237377 	 62 	 18
2602455770 	 2 	 0
1649085439 	 0 	 1
2814650182 	 3 	 2
2539367735 	 1 	 0
468465063 	 0 	 21
2439511117 	 0 	 4
2479006580 	 22 	 21
996552967 	 6 	 7
527573727 	 15 	 4
2165467287 	 18 	 7
21700435 	 3291 	 232
2540314239 	 3 	 5
2795713306 	 0 	 1
2932340903 	 0 	 1
116799843 	 1 	 0
366337022 	 12 	 15
2861018188 	 27 	 15
284051147 	 0 	 2
2914690323 	 6 	 13
2961453587 	 32 	 0
2807490858 	 25 	 99
1069244220 	 1 	 0
263159222 	 4 	 12
1674065593 	 0 	 1
633529974 	 0 	 8
30910568 	 3 	 59
2317442405 	 0 	 1
2374352016 	 0 	 1
2236187530 	 4 	 6
432644683 	 1 	 0
1239793981 	 14 	 10
2951748430 	 0 	 1
2869228564 	 0 	 2
2284385271 	 0 	 7
2758726193 	 1 	 1
204346522 	 78 	 155
2712980795 	 0 	 3
2790877298 	 14 	 20
2605327618 	 2 	 0
1289001866 	 0 	 7
2943127409 	 0 	 1
2713217973 	 2 	 0
1223544912 	 1 	 1
30015139 	 623 	 198
2911947361 	 0 	 8
2396146126 	 2 	 5
1488948696 	 4 	 2
233048570 	 10 	 16
2376562633 	 1 	 0
2741700639 	 21 	 12
149810493 	 0 	 9
2838246387 	 0 	 2
33914340 	 1 	 0
2764908505 	 59 	 0
567637435 	 4 	 6
561248539 	 6 	 10
487020046 	 3 	 1
897333290 	 1 	 3
2741194745 	 0 	 2
1601930899 	 0 	 1
2979072891 	 4 	 9
2468190746 	 26 	 42
709564512 	 2 	 3
865011199 	 1 	 0
2939795662 	 1 	 4
1217286588 	 106 	 4
799320793 	 1 	 4
2763424786 	 0 	 2
2908223273 	 1 	 0
1683126660 	 8 	 6
2932106874 	 1 	 0
2848745544 	 0 	 1
859676772 	 4 	 2
3054820614 	 1 	 0
2783333595 	 44 	 34
2905070327 	 1 	 1
2983027897 	 1 	 3
605200816 	 2 	 2
2787343407 	 2 	 2
1782064098 	 0 	 1
594663412 	 1 	 7
1166435942 	 1 	 1
87349614 	 0 	 1
2269848530 	 2 	 1
518335800 	 0 	 9
2566080701 	 0 	 3
2821979290 	 0 	 1
1452325201 	 1 	 4
1060558130 	 49 	 27
2551160676 	 0 	 1
1368602598 	 6 	 33
2808572975 	 1 	 0
1925300636 	 0 	 1
1971851532 	 0 	 7
2891253537 	 0 	 1
3044296291 	 0 	 1
2502298979 	 7 	 3
847802946 	 0 	 2
969095208 	 1 	 0
2214983240 	 0 	 2
3060131102 	 13 	 3
464521457 	 4 	 25
3041122660 	 2 	 4
2884711825 	 0 	 3
186398349 	 8 	 22
2953825694 	 6 	 0
2923933541 	 15 	 60
2679608015 	 1 	 3
2156879654 	 1 	 2
2717824730 	 2 	 0
83822809 	 0 	 1
1416454134 	 9 	 24
2227759994 	 2 	 13
2161314089 	 41 	 31
743882666 	 1 	 8
2287088478 	 0 	 2
1323318565 	 0 	 2
2993353912 	 31 	 2
854063125 	 5 	 5
2898239799 	 1 	 0
179739721 	 0 	 1
2829637638 	 3 	 1
2646311149 	 1 	 4
182674933 	 25 	 49
2288877212 	 1 	 4
2954532151 	 0 	 3
3108660478 	 7 	 4
2567197803 	 10 	 0
2989291950 	 5 	 6
1627160833 	 1 	 0
2432197028 	 2 	 5
2762127413 	 0 	 3
1295986771 	 0 	 4
2984120243 	 22 	 0
2955822062 	 1 	 7
2584657217 	 2 	 7
2168693955 	 0 	 3
2204702852 	 1 	 2
2564279666 	 24 	 4
2712118394 	 0 	 2
2177329959 	 0 	 4
554595598 	 0 	 2
2969032581 	 2 	 0
1521629156 	 0 	 17
3075014609 	 5 	 3
456688009 	 2 	 0
610708309 	 1 	 2
2680565610 	 0 	 2
955040208 	 0 	 7
2998186749 	 0 	 3
219326020 	 46 	 91
2284568612 	 0 	 1
18382169 	 87 	 6
2176769392 	 1 	 42
155298646 	 0 	 1
2902992522 	 125 	 18
1733116850 	 0 	 1
2340199165 	 1 	 0
2583048686 	 5 	 2
977560339 	 56 	 5
1423814310 	 0 	 2
1110287659 	 94 	 130
2904020714 	 34 	 65
2967840015 	 3 	 8
2943503850 	 6 	 5
190146107 	 1129 	 785
1708267536 	 0 	 2
46438405 	 31 	 15
1357683001 	 0 	 12
1733044956 	 0 	 1
1049431760 	 2 	 7
44145732 	 21 	 11
1075981693 	 12 	 3
2768998264 	 0 	 3
2881547421 	 0 	 1
2746292548 	 1 	 0
2705435149 	 4 	 11
404312203 	 0 	 1
539887811 	 13 	 6
181011756 	 2 	 1
428372761 	 0 	 2
131224207 	 74 	 224
2205063006 	 3 	 3
1235129426 	 0 	 1
2290182531 	 0 	 1
3010619555 	 0 	 3
46602991 	 1 	 2
48444015 	 0 	 2
2425988252 	 0 	 5
1460771370 	 9 	 40
2877301240 	 4 	 7
2542120302 	 3 	 0
2472810651 	 0 	 1
593681140 	 81 	 3
1366008349 	 0 	 1
83339474 	 244 	 0
1303445354 	 0 	 2
589724765 	 0 	 2
568803502 	 0 	 2
1140918398 	 196 	 271
2879198265 	 1 	 3
3019590369 	 0 	 1
2922391990 	 1 	 2
2717372529 	 0 	 1
101077268 	 156 	 97
1275871730 	 1 	 0
1377506983 	 1 	 0
1217755970 	 2 	 23
3059720542 	 1 	 0
3040234419 	 0 	 1
2657362720 	 12 	 14
236606692 	 0 	 6
3064596995 	 14 	 29
622090858 	 168 	 14
2516850933 	 0 	 22
2771846357 	 7 	 6
1615762964 	 0 	 3
24180105 	 9 	 0
1034832678 	 1 	 5
803303162 	 0 	 3
767392836 	 21 	 99
2400869019 	 0 	 4
608751123 	 0 	 8
2220413240 	 0 	 1
1388295048 	 1 	 2
71042562 	 4 	 4
1917361800 	 0 	 9
272188207 	 22 	 2
2657688951 	 0 	 1
2251095990 	 0 	 1
1128982886 	 2 	 3
2755648269 	 2 	 0
873609025 	 1 	 1
1147275906 	 1 	 1
2996259188 	 1 	 8
2783777236 	 1 	 5
2177260978 	 1 	 0
2619166669 	 1 	 0
2788116489 	 4 	 10
935324653 	 0 	 5
493752569 	 1 	 11
2925851486 	 3 	 3
1186389506 	 0 	 5
24206799 	 9 	 25
2309138781 	 2 	 3
24959879 	 44 	 10
62662949 	 17 	 0
973810327 	 0 	 5
201878339 	 0 	 2
2984232474 	 2 	 35
1649415374 	 0 	 2
414595495 	 15 	 5
2983049847 	 0 	 2
3079487386 	 1 	 5
2475777150 	 1 	 0
2950739739 	 0 	 1
1120292382 	 0 	 1
2293663974 	 3 	 2
2985532282 	 16 	 29
1408834315 	 0 	 1
2971393186 	 11 	 9
277374311 	 3 	 6
2163234371 	 21 	 9
2762673039 	 0 	 1
1614482792 	 3 	 4
2334305419 	 0 	 1
2724521123 	 1 	 0
247366151 	 1 	 0
81738522 	 5 	 25
14976640 	 0 	 5
2267054235 	 0 	 3
2308781041 	 38 	 0
2441784416 	 0 	 13
2243977961 	 23 	 23
2362973683 	 1 	 2
483801793 	 0 	 1
2743170844 	 2 	 2
705516070 	 10 	 31
2951925615 	 21 	 8
2924870174 	 18 	 0
1117003928 	 1 	 0
2858134504 	 0 	 29
2856199634 	 18 	 17
158461099 	 303 	 269
2268796365 	 1 	 0
3053655701 	 1 	 0
437206960 	 1 	 5
2719198433 	 3 	 10
2353386604 	 0 	 8
2235327016 	 0 	 6
36199875 	 2 	 9
2296236360 	 0 	 6
2772415551 	 0 	 2
578381354 	 15 	 65
1865494322 	 2 	 0
2343580172 	 3 	 4
2842688854 	 2 	 2
2895073197 	 0 	 3
2194843856 	 3 	 8
3063325095 	 0 	 10
2195991310 	 0 	 3
2981914066 	 33 	 6
1541250805 	 8 	 8
2842004310 	 8 	 10
175088963 	 0 	 2
2250821532 	 182 	 0
2377617583 	 0 	 1
268044103 	 0 	 1
629741619 	 2 	 0
1442024737 	 0 	 1
2989857323 	 1 	 0
2850012641 	 0 	 1
364623318 	 8 	 7
579278907 	 11 	 7
2925056974 	 0 	 2
977680045 	 1 	 0
2308652675 	 0 	 1
3121967404 	 0 	 2
2256923840 	 1 	 1
2932045434 	 0 	 3
2863585686 	 3 	 0
3008757551 	 0 	 2
946875966 	 94 	 62
1321084927 	 1 	 0
2891807243 	 2 	 8
1899011821 	 1 	 0
321442449 	 0 	 3
1505158285 	 0 	 1
2845225180 	 0 	 4
1177558927 	 0 	 3
17133444 	 28 	 6
2382843409 	 0 	 1
3005683907 	 1 	 3
2882836510 	 20 	 0
2698060667 	 2 	 0
2883240057 	 0 	 1
1635777679 	 0 	 9
324466317 	 3 	 10
134041999 	 0 	 3
2437369184 	 24 	 70
1602405301 	 1 	 0
2892577345 	 1 	 0
2940059953 	 1 	 1
2876871302 	 0 	 2
2433561336 	 5 	 4
3039640048 	 0 	 5
429191811 	 2 	 1
2753898688 	 1 	 2
889758734 	 22 	 31
127984041 	 70 	 13
1689033488 	 16 	 3
3043485796 	 1 	 5
3000526680 	 3 	 1
2537301575 	 0 	 2
2891368645 	 1 	 1
2489612600 	 0 	 1
3012714053 	 0 	 1
2910525222 	 0 	 2
609710788 	 1 	 3
2765119292 	 0 	 4
295072443 	 9 	 36
2705204144 	 0 	 2
2769508222 	 1 	 1
2953168387 	 3 	 8
621668514 	 11 	 0
3021127777 	 2 	 1
766942764 	 22 	 15
2650839070 	 0 	 4
597104420 	 84 	 3
3069120335 	 0 	 1
2909646731 	 0 	 4
553100665 	 0 	 2
2684300421 	 6 	 1
900023306 	 0 	 1
313856396 	 1 	 3
2722801912 	 5 	 4
2921509768 	 0 	 3
241996992 	 4 	 17
1331106440 	 9 	 16
1554210486 	 1 	 10
554149794 	 15 	 4
2658396096 	 0 	 3
928063964 	 0 	 1
2712111883 	 4 	 0
188448945 	 1 	 5
974346132 	 0 	 1
1598801928 	 21 	 16
1416897570 	 4 	 4
2930399405 	 2 	 1
3014521342 	 5 	 1
3050024833 	 3 	 7
2867785556 	 17 	 26
1335111212 	 12 	 30
1320341174 	 0 	 2
249501069 	 17 	 3
2949371700 	 2 	 3
1663234574 	 14 	 25
2584491666 	 3 	 0
2734291823 	 99 	 9
2602984911 	 0 	 1
585798312 	 4 	 5
2522079100 	 1 	 5
2949539471 	 1 	 4
2939104077 	 4 	 0
97135195 	 2 	 60
1897550438 	 12 	 2
116355157 	 8 	 37
569228641 	 8 	 0
2930453675 	 3 	 0
2325447492 	 0 	 1
1199537131 	 1 	 4
620916789 	 0 	 1
109672792 	 0 	 1
1586355018 	 6 	 4
1656258320 	 49 	 19
786161047 	 0 	 1
3021779807 	 1 	 0
1471191422 	 1 	 4
73270457 	 12 	 3
461642170 	 0 	 2
1583593302 	 1 	 9
2410880032 	 33 	 41
2233661895 	 0 	 3
1405586342 	 6 	 6
2391279157 	 1 	 1
573178253 	 16 	 13
2926774899 	 2 	 1
1112702869 	 0 	 1
19741778 	 10 	 19
2511575586 	 2 	 1
1035787441 	 3 	 9
1960343671 	 0 	 1
2889466734 	 12 	 22
338520637 	 16 	 571
1203078194 	 15 	 17
3007665756 	 0 	 4
2759195024 	 25 	 0
3011750010 	 0 	 2
2483081885 	 0 	 2
2897898362 	 2 	 3
2377079894 	 0 	 3
1921266456 	 1 	 2
21128334 	 3 	 0
2389859690 	 1 	 1
801031789 	 31 	 9
2530016903 	 0 	 3
2299077498 	 0 	 8
2791520634 	 2 	 0
2807136372 	 0 	 1
2987169382 	 35 	 11
241385513 	 0 	 6
2736090492 	 0 	 2
1942941300 	 2 	 3
3027341596 	 36 	 0
2576212789 	 0 	 1
2769376092 	 0 	 2
1110190694 	 16 	 1
18918483 	 27 	 0
3073873364 	 3 	 6
2861617391 	 1 	 1
2417915924 	 0 	 7
1643977741 	 33 	 40
2894998068 	 5 	 4
190922408 	 1 	 2
2996711297 	 2 	 0
192576351 	 20 	 1202
2641062305 	 1 	 0
170876032 	 0 	 3
3070629280 	 1 	 1
2965026899 	 1 	 0
545317429 	 4 	 15
499829472 	 0 	 5
2558184010 	 1 	 0
2320522347 	 0 	 1
2259687613 	 1 	 1
1590216961 	 1 	 4
14275129 	 24 	 0
547046862 	 2 	 10
2274761524 	 3 	 4
2553364668 	 17 	 3
367291633 	 0 	 4
1067392194 	 55 	 36
627401371 	 5 	 2
560460244 	 2 	 2
2384717737 	 4 	 0
2917055323 	 1 	 2
370859285 	 0 	 8
1447219440 	 0 	 2
595628416 	 0 	 1
477180450 	 1 	 0
1300032764 	 0 	 4
933327782 	 0 	 6
618222919 	 6 	 0
1549578572 	 0 	 13
18961764 	 41 	 137
2445712424 	 1 	 0
2548897788 	 79 	 338
2181114463 	 0 	 2
2270564558 	 0 	 3
47926059 	 50 	 89
2799400473 	 0 	 1
433007443 	 5 	 10
2872752779 	 12 	 168
2725417739 	 1 	 5
2657309905 	 6 	 12
1346394896 	 1 	 0
2899218675 	 0 	 1
41184309 	 40 	 10
2637565175 	 1 	 0
2391292164 	 7 	 1
3003020278 	 0 	 1
2962087916 	 66 	 0
2617880745 	 0 	 1
2892858394 	 6 	 0
19646012 	 0 	 4
3044064122 	 29 	 61
496703327 	 7 	 15
2554553358 	 0 	 3
2879027553 	 15 	 10
2753174498 	 0 	 2
922341182 	 13 	 9
824580806 	 1 	 1
2252234982 	 4 	 7
363040012 	 0 	 8
2263277981 	 2 	 45
1458970754 	 2 	 4
2984894812 	 0 	 3
907991706 	 5 	 7
3072100415 	 1 	 1
2604295345 	 4 	 23
702081096 	 1 	 1
2728176831 	 1 	 1
2365779632 	 5 	 16
1000252724 	 0 	 1
948230108 	 0 	 1
2419541310 	 5 	 5
28491592 	 1038 	 287
2575082873 	 6 	 0
3022405451 	 0 	 2
915357151 	 0 	 1
1105511504 	 0 	 2
952724527 	 0 	 5
2402194795 	 0 	 1
2953407759 	 1 	 0
2752197573 	 0 	 1
1939662222 	 1 	 0
1564144423 	 1 	 2
2349775207 	 0 	 1
1120255322 	 0 	 1
2957904975 	 0 	 1
2763281998 	 1 	 7
2310429375 	 3 	 0
1472649606 	 1 	 0
763937342 	 59 	 49
2860208794 	 2028 	 1178
502106315 	 15 	 0
2945095611 	 0 	 1
1039010708 	 0 	 1
2950543817 	 2 	 12
1969336764 	 2 	 0
42401442 	 0 	 13
2576957810 	 581 	 359
62555198 	 0 	 4
466832778 	 267 	 226
357629189 	 8 	 0
1409284969 	 1 	 0
1592617801 	 7 	 13
2261054200 	 1 	 0
587900974 	 4 	 7
277953160 	 14 	 0
320156378 	 0 	 7
2391837053 	 0 	 8
2732728055 	 1 	 4
770047290 	 1 	 83
2313806738 	 0 	 1
149135332 	 2 	 34
28805729 	 117 	 274
552432499 	 1 	 1
195805881 	 1 	 0
746544552 	 0 	 2
3051169684 	 3 	 3
1019641314 	 1 	 2
1754065898 	 2 	 11
963309410 	 0 	 1
3070624289 	 1 	 1
3083033985 	 1 	 0
2361997332 	 0 	 2
2729330285 	 1 	 2
1636562966 	 0 	 1
777054877 	 1 	 0
1411151478 	 1 	 15
1266052891 	 3 	 0
2255367767 	 0 	 3
619577202 	 20 	 16
2380360494 	 0 	 2
253009958 	 6 	 0
2989114561 	 0 	 1
109325838 	 1 	 0
1517872886 	 2 	 0
3044774329 	 1 	 1
112622989 	 1 	 20
2646478416 	 3 	 0
700248607 	 0 	 5
2772800552 	 3 	 0
1707233174 	 1 	 1
2372832403 	 2 	 0
408777286 	 0 	 1
1603999099 	 0 	 6
2747703516 	 0 	 1
3018380073 	 2 	 5
490770414 	 0 	 1
2282119584 	 3 	 2
2682694812 	 0 	 17
2975205333 	 1 	 0
1372855423 	 3 	 4
3008639314 	 1 	 3
37936484 	 1 	 6
1515890040 	 79 	 4
88446109 	 0 	 4
2178212464 	 0 	 1
1360112155 	 1 	 0
779409156 	 0 	 1
343728852 	 0 	 3
3005869524 	 1 	 4
553637966 	 5 	 10
1064267425 	 20 	 32
2354089069 	 0 	 6
3127659851 	 1 	 0
1586861480 	 13 	 28
3039990166 	 0 	 1
2721416001 	 0 	 5
2863413880 	 11 	 3
393887721 	 781 	 449
937047793 	 2 	 4
2719502522 	 0 	 11
2658511304 	 11 	 21
2741863001 	 0 	 4
1520804028 	 0 	 2
2731552773 	 2 	 14
2728838975 	 1 	 0
2832623831 	 0 	 2
994443547 	 1 	 1
407555485 	 0 	 16
253012343 	 1 	 0
2182281049 	 0 	 50
123649804 	 110 	 541
1332276794 	 46 	 71
2959307044 	 0 	 2
507947670 	 0 	 120
17694567 	 3 	 17
1587679526 	 0 	 3
435449948 	 12 	 1
1025588635 	 0 	 7
2724354729 	 1 	 0
80183577 	 3 	 19
61650284 	 273 	 590
432974514 	 8 	 16
1024726543 	 30 	 2
2556782974 	 1 	 5
474277473 	 0 	 4
1885094101 	 2 	 9
462483794 	 98 	 99
2371950685 	 3 	 14
388353254 	 2 	 2
56910249 	 0 	 2
2500778971 	 6 	 3
507307310 	 27 	 154
3123924813 	 18 	 0
375658752 	 11 	 0
740980944 	 7 	 19
1041763136 	 1 	 6
1129044295 	 3 	 2
2445631016 	 1 	 1
15868533 	 47 	 47
1485742580 	 10 	 3
591670905 	 0 	 2
2314033626 	 153 	 155
2955488953 	 0 	 1
2354058392 	 1 	 0
2661016089 	 4 	 7
799582256 	 0 	 2
459623780 	 28 	 92
2881928495 	 2 	 6
1666755920 	 0 	 1
173797525 	 1 	 2
421304184 	 0 	 4
2977677568 	 5 	 7
220254656 	 1 	 0
1741597046 	 4 	 0
2178674953 	 2 	 7
243327564 	 76 	 0
420694593 	 2 	 0
2771521739 	 0 	 2
2906264511 	 0 	 10
2975516276 	 3 	 8
853390160 	 12 	 5
2507658785 	 31 	 33
2656589428 	 12 	 0
3097023877 	 0 	 11
2349988914 	 3 	 5
1971622664 	 2 	 0
1123232108 	 1 	 0
2650353325 	 8 	 4
2477284837 	 1 	 2
2614810983 	 0 	 1
2943363806 	 0 	 3
2975765075 	 12 	 15
35061561 	 2 	 1
2819802719 	 1 	 0
100667022 	 0 	 2
2868036681 	 3 	 0
590138958 	 0 	 2
3048571396 	 3 	 1
32739620 	 0 	 1
1645482277 	 0 	 1
122899980 	 0 	 2
136034513 	 21 	 0
1333288740 	 2 	 0
216656120 	 1 	 24
3070665718 	 9 	 6
1607598080 	 37 	 0
2664781184 	 0 	 2
2770222314 	 0 	 8
1363812788 	 0 	 3
1691940890 	 1 	 1
21752467 	 2 	 0
2913204921 	 4 	 5
2233714086 	 0 	 2
2850300405 	 12 	 7
3007517876 	 46 	 141
19862538 	 164 	 349
90776202 	 2 	 0
2917831436 	 0 	 1
1152496548 	 14 	 7
2395460965 	 5 	 33
145382385 	 25 	 714
3031519894 	 32 	 22
2896141499 	 6 	 6
628885051 	 0 	 4
2604178994 	 1 	 0
2254131836 	 0 	 2
3071346263 	 1 	 2
2959888025 	 1 	 0
1261650936 	 0 	 25
728354640 	 17 	 7
1037321305 	 1 	 0
2904193869 	 1 	 0
726763789 	 0 	 9
611755180 	 5 	 5
2959681367 	 0 	 2
606139263 	 0 	 4
1317551240 	 0 	 2
2323022100 	 1 	 2
1654514647 	 0 	 1
2376189697 	 0 	 1
2792951701 	 0 	 1
1700785351 	 0 	 4
2886127198 	 0 	 1
2162753315 	 10 	 15
2320332542 	 15 	 27
2608657308 	 0 	 2
2993743426 	 1 	 0
2445983213 	 0 	 12
2873150388 	 4 	 5
115117283 	 171 	 6
1319386525 	 0 	 5
240864176 	 0 	 3
1423861188 	 1 	 2
2701731450 	 0 	 4
2978604163 	 0 	 1
3056452432 	 4 	 3
337979880 	 3 	 6
2370337469 	 0 	 3
2919256801 	 0 	 8
2340880496 	 0 	 4
2553052320 	 39 	 73
2218388179 	 0 	 1
2755886809 	 71 	 94
1226290447 	 0 	 13
1705581864 	 2 	 4
112700457 	 1 	 2
2379545004 	 12 	 80
18718701 	 42 	 34
3024489889 	 4 	 0
2997253905 	 1 	 0
1329931573 	 29 	 6
702081044 	 1 	 4
1522367287 	 0 	 3
1278616146 	 0 	 3
933134821 	 0 	 70
1424051732 	 2 	 2
723389497 	 3 	 15
2665492509 	 0 	 2
1068855752 	 0 	 4
1395050252 	 1 	 4
1137467436 	 0 	 7
2616033411 	 10 	 3
3096403509 	 0 	 2
529099479 	 6 	 6
2972257156 	 2 	 0
520887684 	 1 	 2
1913020310 	 1 	 0
2956952202 	 9 	 0
3015823596 	 33 	 0
1643446218 	 0 	 1
239642942 	 6 	 1
2886575672 	 2 	 2
1094969125 	 0 	 68
3016195534 	 2 	 2
2890686635 	 0 	 2
401670506 	 80 	 23
1170075235 	 13 	 4
1244908891 	 1 	 2
2393305848 	 5 	 0
482095157 	 720 	 375
94458238 	 36 	 3
1546705356 	 1 	 1
820137200 	 1 	 2
131047103 	 5 	 1
1644101102 	 0 	 1
1550870298 	 0 	 1
1050282858 	 0 	 1
3041917906 	 1 	 1
2966228541 	 0 	 8
2684238870 	 0 	 8
1863509101 	 7 	 0
1898061950 	 6 	 0
843353714 	 1 	 2
2970923751 	 1 	 16
2356264878 	 0 	 10
2455329726 	 0 	 5
1562508127 	 0 	 5
1452813307 	 97 	 76
2555942490 	 0 	 2
322937469 	 3 	 14
130329885 	 0 	 1
38598206 	 1 	 0
875816503 	 0 	 3
2903331591 	 1 	 0
2940639196 	 2 	 8
123056010 	 0 	 2
2953789606 	 0 	 2
558440398 	 0 	 2
508955433 	 20 	 34
1973107178 	 46 	 27
2784961566 	 2 	 7
2522307898 	 1 	 6
2772727606 	 0 	 11
586982939 	 0 	 3
2981614130 	 6 	 22
3019149156 	 0 	 1
2914784997 	 4 	 4
3008628331 	 2 	 0
1909778269 	 0 	 3
3095339662 	 0 	 1
1436549760 	 11 	 132
2216479524 	 0 	 3
179598676 	 1 	 0
2324353219 	 1 	 0
23883575 	 0 	 1
42510566 	 22 	 0
2253512471 	 2 	 15
2286113640 	 0 	 1
39358200 	 0 	 4
2799161151 	 0 	 5
2865648505 	 76 	 11
2181777332 	 28 	 48
1385482496 	 4 	 29
1869857454 	 0 	 2
419946398 	 0 	 1
1439402832 	 1 	 0
920694018 	 0 	 5
815690828 	 2 	 23
556280482 	 14 	 0
2645968750 	 11 	 4
2544868970 	 2 	 0
2997558943 	 15 	 8
967291904 	 1 	 1
2532816409 	 7 	 4
599777096 	 0 	 125
763256432 	 217 	 74
2492448252 	 37 	 16
1239849062 	 1 	 0
2572789899 	 1 	 0
1597573207 	 7 	 1
2936658405 	 1 	 5
942925560 	 8 	 0
280561901 	 8 	 14
1678562606 	 1 	 0
2896955844 	 0 	 2
2954169695 	 0 	 1
2910221723 	 6 	 1
2307466244 	 0 	 1
770767902 	 3 	 0
1923586422 	 0 	 2
3028187520 	 0 	 1
436207450 	 26 	 3
372790885 	 6 	 79
2786430847 	 0 	 10
2747091471 	 6 	 9
618151955 	 0 	 1
2320725059 	 0 	 1
2891161095 	 5 	 8
2381936574 	 0 	 2
540535608 	 1 	 1
1601814488 	 0 	 2
549217987 	 202 	 69
2725746562 	 0 	 3
2934384572 	 1 	 10
165447853 	 0 	 1
2957227193 	 0 	 1
1413938502 	 8 	 1
1913197646 	 0 	 1
465746250 	 4 	 11
2206456980 	 1 	 4
2729554597 	 0 	 2
2970000766 	 2 	 18
187718636 	 0 	 2
2874237391 	 64 	 58
2925223485 	 1 	 0
2832384698 	 4 	 2
3054095910 	 2 	 1
2643996897 	 0 	 5
2686915602 	 13 	 17
21275515 	 106 	 355
126055316 	 3 	 0
36607082 	 46 	 77
224851512 	 2 	 12
2416764139 	 4 	 1
323047565 	 1 	 11
395925411 	 9 	 1
1301440934 	 0 	 1
2951371246 	 1 	 0
3005288667 	 2 	 57
1689369469 	 9 	 6
728299806 	 5 	 2
456439564 	 5 	 7
989322360 	 1 	 1
2743743819 	 1 	 0
2283161868 	 0 	 2
2658797048 	 0 	 1
2919161540 	 0 	 1
2861282971 	 0 	 1
3078782464 	 0 	 2
884690821 	 12 	 5
2903007798 	 0 	 3
2358767018 	 1 	 0
2265058604 	 43 	 10
587618230 	 0 	 2
785767908 	 35 	 9
1969666314 	 2 	 0
1353108524 	 0 	 1
2934139968 	 0 	 3
1478634536 	 0 	 1
2743225625 	 1 	 1
3111445841 	 0 	 2
2631755571 	 7 	 35
2746905999 	 0 	 9
3026567187 	 40 	 1
2225338458 	 0 	 11
2907316207 	 1 	 10
2969343892 	 0 	 9
2457471739 	 42 	 16
291298194 	 1 	 0
19730434 	 43 	 94
782881075 	 3 	 0
781504950 	 9 	 8
937552446 	 0 	 5
293648296 	 7 	 5
2740294814 	 0 	 2
2290579451 	 31 	 2
2602860914 	 1 	 0
1895875501 	 3 	 12
253013806 	 4 	 0
2423903229 	 0 	 9
2227097804 	 0 	 49
1375680643 	 0 	 4
1264361810 	 15 	 3
2781629009 	 0 	 5
2829992554 	 5 	 0
1626000211 	 4 	 8
2742091313 	 1 	 2
64814859 	 16 	 172
2304461854 	 0 	 1
2822296983 	 1 	 19
2800930941 	 0 	 2
326221689 	 0 	 5
1328131272 	 0 	 12
2304577894 	 0 	 4
2898794243 	 1 	 0
2343957811 	 0 	 5
2831251992 	 1 	 5
1954606015 	 58 	 0
3071082083 	 1 	 1
85306232 	 1 	 0
2288823096 	 0 	 1
2782470592 	 263 	 1221
2489724808 	 1 	 0
308309188 	 2 	 11
100145317 	 1 	 0
2766740987 	 0 	 4
306399236 	 10 	 2
198163617 	 26 	 1
2945473634 	 7 	 0
283559814 	 0 	 1
2869615129 	 6 	 1
1000872403 	 0 	 15
3043534246 	 0 	 3
2543905130 	 3 	 0
366846840 	 3 	 122
1554569036 	 0 	 14
1599381997 	 0 	 2
2206161174 	 0 	 1
896144467 	 0 	 2
1216456543 	 75 	 21
891965124 	 1 	 0
411652759 	 85 	 92
1222881480 	 178 	 118
2974215221 	 0 	 2
1191642067 	 0 	 1
2581478338 	 2 	 3
29069186 	 2 	 5
428221134 	 0 	 20
479611872 	 0 	 1
136886238 	 0 	 2
1200173359 	 0 	 30
528303137 	 0 	 4
137979313 	 0 	 4
2935682311 	 8 	 0
252607098 	 4 	 0
2724209641 	 1 	 5
979701152 	 1 	 0
2908644802 	 13 	 29
848141580 	 1 	 0
1961621918 	 0 	 2
947855413 	 3 	 2
124215190 	 177 	 81
188835953 	 23 	 132
22275527 	 353 	 1084
388209172 	 1 	 3
783000162 	 2 	 0
2355581688 	 9 	 0
259784965 	 0 	 1
1674850795 	 2 	 3
866548200 	 17 	 0
1062111559 	 66 	 53
2214937235 	 43 	 48
1084607958 	 6 	 0
2992709270 	 2 	 1
2775756486 	 3 	 22
739895509 	 6 	 6
2951458906 	 2 	 40
583009819 	 0 	 5
2635799235 	 0 	 4
2737658517 	 1 	 0
2982164515 	 0 	 3
1277332280 	 0 	 1
2716360940 	 0 	 5
356877952 	 0 	 1
1426616305 	 4 	 0
1268626196 	 1 	 6
2176905249 	 1 	 0
1255649946 	 0 	 1
2865171617 	 0 	 2
324549685 	 54 	 86
501971028 	 7 	 1
2848555743 	 0 	 2
2993841567 	 5 	 12
2439204830 	 0 	 19
609947049 	 15 	 7
579279665 	 1 	 2
221701390 	 8 	 0
2710325050 	 0 	 12
2874319202 	 0 	 1
1455598650 	 3 	 8
2967198803 	 2 	 2
2556936956 	 491 	 941
601595772 	 0 	 1
1097163667 	 0 	 7
2385260852 	 1 	 0
2921910146 	 0 	 1
2155192119 	 0 	 2
1492569428 	 3 	 11
636119841 	 51 	 144
2569486099 	 105 	 1
2948035877 	 0 	 2
873509359 	 1 	 0
1092937046 	 0 	 3
218517203 	 1 	 0
3044825283 	 0 	 2
1021309363 	 2 	 6
3015104218 	 0 	 3
2539426612 	 0 	 1
2690892266 	 8 	 25
563025694 	 12 	 8
857673764 	 0 	 11
2382568416 	 1 	 0
1007075178 	 12 	 12
2850296243 	 1 	 1
501334654 	 6 	 5
2747064597 	 2 	 3
269115236 	 1 	 3
1712386170 	 1 	 5
2847144125 	 12 	 8
1076617212 	 0 	 1
3049877026 	 0 	 1
2355655372 	 368 	 47
1694866524 	 1 	 0
2795807813 	 5 	 37
1242430106 	 3 	 25
623081499 	 0 	 1
890103900 	 1 	 0
2986435885 	 1 	 9
2889570100 	 2 	 2
3060125786 	 30 	 127
159721186 	 1 	 3
3030266500 	 3 	 1
2324986561 	 0 	 1
1895696557 	 0 	 4
1094654942 	 0 	 1
832193689 	 97 	 172
621579944 	 0 	 3
1048439486 	 0 	 11
2801892514 	 1 	 0
2807763199 	 7 	 0
208428953 	 0 	 1
2957466316 	 2 	 19
2969978369 	 7 	 0
762970830 	 0 	 1
450981992 	 0 	 1
2561469321 	 0 	 1
954861487 	 3 	 2
2984264961 	 1 	 0
20442545 	 3 	 1
2291695646 	 0 	 1
270474498 	 0 	 4
1032964736 	 63 	 6
518983497 	 0 	 1
222791843 	 0 	 1
3017906828 	 1 	 1
1965508399 	 46 	 202
287030025 	 4 	 4
3008483010 	 1 	 0
1683668612 	 1 	 0
2387272225 	 20 	 90
1393510471 	 0 	 6
2158649002 	 0 	 3
71662669 	 130 	 129
951862243 	 0 	 1
901899878 	 1 	 7
1566193284 	 3 	 0
386988166 	 38 	 39
2848862894 	 1 	 1
2895181035 	 0 	 2
2649031446 	 94 	 2
134594299 	 0 	 9
70407292 	 0 	 1
67240862 	 0 	 2
2821588403 	 3 	 0
2874657915 	 1 	 4
2844615608 	 0 	 3
2857992616 	 0 	 3
1173694116 	 0 	 7
2888167623 	 26 	 26
937670424 	 2 	 37
2942417504 	 2 	 0
186155207 	 9 	 0
2239691040 	 2 	 1
2872592959 	 4 	 1
2662050363 	 2 	 4
2861245030 	 1 	 0
790889654 	 2 	 0
3048299234 	 1 	 0
2719210637 	 1 	 2
704601463 	 0 	 2
1161436837 	 0 	 2
245017591 	 19 	 147
3053957882 	 24 	 42
761493373 	 0 	 6
746889709 	 0 	 2
1616091150 	 1 	 4
1339966248 	 0 	 3
2819604112 	 5 	 4
469936713 	 6 	 20
920231154 	 19 	 38
1035530761 	 1 	 2
2884489675 	 0 	 2
2746976080 	 2 	 20
1567488516 	 1 	 2
2441709571 	 0 	 4
19741858 	 4 	 1
18037144 	 0 	 6
713054324 	 0 	 1
590822501 	 1 	 6
2358090388 	 2 	 7
2427673314 	 2 	 34
3000809909 	 0 	 1
732066373 	 3 	 11
1270617889 	 15 	 2
2938604952 	 0 	 1
1449919272 	 1 	 2
2553324991 	 1 	 2
1215250068 	 2 	 10
3028424862 	 0 	 2
215598722 	 10 	 5
2606885751 	 126 	 0
174161365 	 17 	 47
2828066183 	 0 	 1
1727976336 	 6 	 2
2541327975 	 2 	 5
3039474676 	 0 	 4
2304473346 	 0 	 1
2760921472 	 3 	 2
2376312694 	 0 	 3
1965626888 	 4 	 31
480888630 	 0 	 12
2937595227 	 2 	 1
2890481691 	 1 	 10
139315604 	 0 	 1
93902064 	 0 	 7
1202312900 	 3 	 6
2607055807 	 0 	 1
1447001018 	 18 	 54
1617151214 	 3 	 3
2391034678 	 0 	 2
1477998709 	 0 	 3
2641884589 	 0 	 4
2952677902 	 1 	 10
369343803 	 25 	 72
1630695600 	 14 	 3
257993878 	 146 	 14
3059301646 	 1 	 4
2398292301 	 3 	 4
3009903571 	 0 	 2
1258836690 	 0 	 1
2416403097 	 5 	 14
2198974326 	 3 	 31
1134540038 	 2 	 3
453265308 	 0 	 2
2222528088 	 0 	 2
919556972 	 3 	 5
863377075 	 0 	 2
2815541726 	 27 	 158
572103841 	 698 	 921
2374286881 	 1 	 0
579980763 	 3 	 0
554773161 	 1 	 0
3080971102 	 0 	 1
2894608984 	 0 	 9
569555883 	 32 	 6
2166702318 	 0 	 18
1223476910 	 966 	 483
983294473 	 7 	 6
546573570 	 0 	 5
2748369237 	 0 	 1
1603871628 	 0 	 8
2973649443 	 2 	 7
2531346705 	 0 	 1
1337194476 	 328 	 0
2763281153 	 0 	 1
2220676963 	 7 	 8
2741918920 	 0 	 2
2529032093 	 10 	 22
540352841 	 14 	 21
2891155825 	 26 	 9
1341525272 	 6 	 7
2983267978 	 0 	 1
73203781 	 28 	 192
1835184529 	 1 	 3
2236894284 	 4 	 1
831819066 	 1 	 3
24210880 	 2 	 5
2407857128 	 1 	 5
2511294720 	 5 	 7
2931724060 	 0 	 1
298843008 	 0 	 1
2945011295 	 0 	 2
2418146605 	 1 	 0
2189666984 	 4 	 1
928429238 	 6 	 1
2889774099 	 1 	 0
1316745115 	 0 	 2
991753242 	 0 	 2
3057120736 	 0 	 1
2786424729 	 11 	 16
743558515 	 0 	 2
3064801061 	 0 	 1
2663623254 	 0 	 5
2871787100 	 2 	 1
3081161019 	 21 	 38
764262036 	 104 	 305
1684278678 	 3 	 10
2275410891 	 16 	 6
2409393692 	 11 	 7
2986495696 	 2 	 9
125314125 	 0 	 6
2989100372 	 0 	 5
2723560952 	 8 	 11
410785563 	 0 	 6
3024527566 	 0 	 1
2243886443 	 5 	 2
2438758123 	 4 	 8
3025789584 	 45 	 62
1485514836 	 0 	 16
3015408730 	 0 	 1
16535615 	 0 	 1
2235438835 	 12 	 39
925906249 	 1 	 1
69731049 	 0 	 8
2979296374 	 5 	 1
3076709458 	 2 	 8
13544112 	 0 	 2
2889708664 	 0 	 1
936905148 	 1 	 2
50604705 	 5 	 0
568065437 	 18 	 0
2474431778 	 16 	 3
1357801814 	 0 	 9
630798031 	 0 	 3
184918717 	 1 	 1
175793608 	 0 	 16
711430106 	 5 	 2
2860922118 	 0 	 3
348399674 	 4 	 2
71756063 	 25 	 53
386704283 	 0 	 8
3000338022 	 1 	 13
1339621170 	 1 	 0
2955657154 	 0 	 1
892493274 	 7 	 14
2680674001 	 18 	 7
3014022487 	 0 	 1
2987576388 	 4 	 0
1373627030 	 4 	 27
1885567122 	 0 	 1
1049258474 	 1 	 1
2457652208 	 29 	 40
2548680692 	 11 	 0
2746283171 	 1 	 0
2878223422 	 7 	 5
17794636 	 30 	 3
2952906388 	 2 	 1
201666883 	 15 	 1
101814026 	 21 	 48
1203099109 	 7 	 7
360850455 	 3 	 9
2596071321 	 4 	 0
1440902882 	 57 	 21
3000899473 	 2 	 6
1164680960 	 3 	 5
2774813673 	 2 	 3
2870611261 	 3 	 5
2923393622 	 113 	 0
1242563580 	 0 	 3
2523733057 	 17 	 115
415331569 	 12 	 258
1518404478 	 0 	 4
981138342 	 24 	 3
2582709833 	 14 	 0
2369217662 	 0 	 1
1315263583 	 2 	 0
2260762889 	 29 	 9
1187516334 	 1 	 4
14375658 	 42 	 19
110907946 	 1 	 0
2935864024 	 3 	 3
2596216613 	 0 	 5
2935941333 	 0 	 1
2896710304 	 6 	 0
2908753989 	 1 	 6
1514426707 	 0 	 1
547172089 	 32 	 27
1127251987 	 1 	 10
770238396 	 78 	 10
1611364122 	 48 	 28
1290161238 	 0 	 3
2332261381 	 6 	 8
2799446350 	 0 	 1
2957930507 	 5 	 0
2973464835 	 3 	 0
253008760 	 41 	 0
2393494446 	 0 	 1
1325822119 	 0 	 1
2629280338 	 1 	 0
1016819293 	 0 	 2
414537246 	 71 	 0
2955062494 	 0 	 1
899052614 	 0 	 3
632390059 	 5 	 0
2282763997 	 1 	 3
1220363912 	 2 	 2
550135928 	 7 	 9
2727077459 	 1 	 0
25524892 	 38 	 76
2860726682 	 2 	 0
2706514676 	 6 	 50
1567061137 	 0 	 5
2788746267 	 20 	 76
1289966324 	 0 	 1
531838343 	 5 	 1
2705747102 	 1 	 5
555289775 	 1 	 0
243050171 	 0 	 1
2986179150 	 0 	 1
596997785 	 0 	 2
902174090 	 17 	 1
2558487041 	 24 	 49
1470368916 	 1 	 3
2913052311 	 1 	 2
614560967 	 0 	 1
2787609235 	 0 	 3
2453721122 	 1 	 0
2477228716 	 4 	 5
535782808 	 238 	 0
2398588146 	 89 	 770
1547877469 	 7 	 2
2783635658 	 1 	 2
2350730738 	 1 	 14
1970237450 	 2 	 0
2798391001 	 9 	 0
243005771 	 0 	 1
2450678771 	 21 	 7
1914809316 	 2 	 3
2796884009 	 0 	 5
2973701782 	 5 	 0
2916278961 	 5 	 6
282714070 	 46 	 148
556961842 	 46 	 4
1973668700 	 0 	 4
1390954633 	 1 	 4
739036950 	 0 	 1
792266816 	 2 	 17
1049176771 	 35 	 16
1976845832 	 3 	 1
559981785 	 2 	 11
1263298747 	 0 	 1
1581591648 	 0 	 6
3080447771 	 21 	 43
521973333 	 139 	 36
2208734187 	 0 	 1
3041296181 	 17 	 8
2984196306 	 26 	 0
853680248 	 0 	 7
24119941 	 0 	 1
848477466 	 1 	 6
2504176853 	 4 	 5
937718629 	 2 	 50
2450049327 	 1 	 2
1649364930 	 0 	 2
1209338516 	 0 	 1
2711324962 	 29 	 8
2411867347 	 1 	 1
2728410496 	 3 	 5
3103974586 	 0 	 1
2214370056 	 1 	 1
2729322442 	 10 	 0
213224067 	 2 	 46
1962370682 	 1 	 0
2471433206 	 1 	 0
2997829471 	 4 	 10
1012898467 	 2 	 3
960362467 	 1 	 1
2571265373 	 0 	 2
438551314 	 3 	 5
282172973 	 1 	 10
2308526710 	 2 	 2
2515451115 	 0 	 13
1862287712 	 1 	 1
2929084230 	 0 	 71
2883221745 	 1 	 0
83601697 	 5 	 0
1932772260 	 0 	 1
2412209312 	 2 	 10
1596342570 	 10 	 2
1234881792 	 9 	 8
2845705234 	 0 	 2
2978590252 	 3 	 1
2944896735 	 2 	 1
2961025077 	 4 	 0
868072441 	 38 	 13
2894354108 	 0 	 1
623988797 	 2 	 0
422616741 	 0 	 14
2698330634 	 5 	 1
333408009 	 11 	 2
2920871927 	 0 	 2
3069356411 	 0 	 1
3010536426 	 0 	 1
1447008774 	 0 	 1
2957777314 	 0 	 2
1350746084 	 0 	 12
2741483722 	 0 	 1
1417197000 	 0 	 1
2922425555 	 0 	 2
2390131454 	 8 	 61
1663914260 	 1 	 8
2793947713 	 28 	 33
1164529182 	 0 	 7
1729378902 	 6 	 10
2379113351 	 0 	 1
1035886063 	 11 	 0
2892511407 	 1 	 80
2942905060 	 11 	 9
276989151 	 3 	 3
2982274983 	 0 	 1
1565980524 	 2 	 25
792905353 	 11 	 6
1077712489 	 3 	 7
873943868 	 0 	 1
2780042290 	 2 	 0
1899593731 	 0 	 1
1034395280 	 0 	 2
1597450388 	 4 	 4
223503174 	 0 	 6
64098866 	 2 	 1
1496251801 	 0 	 1
3086080178 	 0 	 19
790107296 	 5 	 6
1130255724 	 0 	 1
916499382 	 1 	 13
1727080466 	 11 	 26
3086747333 	 2 	 0
2439639138 	 9 	 31
337386115 	 1 	 0
2374501709 	 3 	 0
2215495205 	 2 	 9
873722743 	 545 	 32
1110411396 	 2 	 4
2355323753 	 32 	 8
1276371697 	 0 	 1
2654747130 	 25 	 0
1673148973 	 0 	 1
2722625537 	 0 	 1
573753951 	 0 	 4
1931338134 	 0 	 1
489912723 	 1 	 0
1861090927 	 0 	 1
781772256 	 0 	 1
436555284 	 2 	 0
2816225322 	 1 	 3
2858390162 	 0 	 44
3014290671 	 12 	 0
2950811783 	 0 	 2
1367632352 	 5 	 0
3000465335 	 0 	 1
1051419926 	 4 	 0
2723453775 	 2 	 0
341103890 	 0 	 1
2550770106 	 0 	 1
3044144277 	 17 	 31
3058250698 	 0 	 3
281259139 	 0 	 1
2206844066 	 31 	 9
42975494 	 0 	 5
1257446070 	 2 	 4
2397598252 	 0 	 1
1360286396 	 0 	 1
2826296301 	 4 	 1
1613564569 	 1 	 3
2849159301 	 0 	 38
3085125195 	 0 	 1
2626512844 	 1 	 2
2740096032 	 0 	 28
2878861587 	 1 	 0
2163783306 	 0 	 5
2400577441 	 1 	 15
3068728897 	 0 	 1
2914625362 	 1 	 1
1924393598 	 4 	 1
2174890232 	 0 	 2
777040297 	 44 	 28
2834655855 	 0 	 4
2611387026 	 2 	 0
1687476871 	 35 	 7
1046235289 	 11 	 21
27542520 	 90 	 136
1564904425 	 0 	 4
3045468711 	 1 	 1
2575502369 	 1 	 2
909004188 	 0 	 1
1328219456 	 13 	 16
467070628 	 0 	 1
3060325073 	 7 	 0
2308922026 	 1 	 5
3084079288 	 0 	 5
2650188579 	 0 	 12
2475872358 	 2 	 0
141128190 	 0 	 22
1289879593 	 50 	 94
611179051 	 4 	 6
2886140039 	 0 	 1
2194719886 	 0 	 21
2383124607 	 0 	 11
2562586518 	 1 	 5
1583718140 	 1 	 0
893276304 	 0 	 30
977419040 	 0 	 4
23962908 	 15 	 30
15925903 	 0 	 4
2889877069 	 0 	 1
2949263920 	 0 	 1
2764857187 	 3 	 14
3014550959 	 0 	 4
3120747749 	 1 	 0
2815396496 	 5 	 2
2612413782 	 1 	 0
2822765603 	 5 	 7
473626239 	 5 	 21
1611931081 	 0 	 1
3076991416 	 0 	 8
1377706616 	 0 	 5
1061561653 	 369 	 90
3037163040 	 2 	 16
1718375726 	 4 	 0
34449129 	 932 	 350
141565618 	 12 	 4
185418807 	 1 	 0
1478025571 	 0 	 2
184478728 	 1 	 1
1196447191 	 10 	 68
1561234734 	 2 	 7
2208167503 	 0 	 3
211957547 	 212 	 13
2955481660 	 10 	 6
1332689052 	 0 	 3
847529941 	 0 	 2
2987935606 	 6 	 0
77140465 	 0 	 3
14336965 	 57 	 10
1597029800 	 2 	 3
2374114591 	 1 	 4
1413761539 	 90 	 46
2830550304 	 0 	 2
1301425776 	 0 	 8
2958683404 	 2 	 0
24638182 	 0 	 4
187956400 	 0 	 2
895177568 	 1 	 7
2774403531 	 19 	 6
2755155010 	 2 	 2
924719946 	 4 	 7
309980758 	 3 	 54
2603222124 	 0 	 2
2765573903 	 34 	 16
2739897717 	 0 	 3
2222596247 	 5 	 12
2556651022 	 0 	 3
387916880 	 0 	 11
1396955989 	 2 	 1
2324753882 	 0 	 1
1541211558 	 0 	 3
3053751592 	 3 	 5
1246466552 	 0 	 1
149910763 	 86 	 105
1250208368 	 0 	 1
2409406872 	 6 	 2
2220028958 	 15 	 15
2338020271 	 0 	 5
132518983 	 36 	 29
2847684970 	 0 	 2
531826432 	 0 	 16
1869143557 	 0 	 15
484783355 	 57 	 5
726964724 	 0 	 4
544477696 	 2 	 2
2725103458 	 15 	 1
1293511255 	 0 	 1
2754672875 	 28 	 55
243836346 	 80 	 9
2852262032 	 1 	 0
211213719 	 25 	 9
1281274562 	 3 	 7
1921511406 	 16 	 7
2610029883 	 0 	 4
2465570000 	 1 	 0
2999803258 	 2 	 16
32122637 	 113 	 0
606872070 	 1 	 41
2484041672 	 0 	 8
2416878060 	 18 	 153
1401079176 	 0 	 26
1247119963 	 2 	 5
985402818 	 0 	 1
635750758 	 1 	 4
360423415 	 0 	 1
2956069936 	 0 	 3
3025464477 	 404 	 1
1379034313 	 2 	 0
37986181 	 16 	 3
376275278 	 13 	 63
2912929373 	 2 	 2
2652047742 	 0 	 38
2450321204 	 0 	 4
2995198588 	 1 	 0
2213467452 	 1 	 6
1315139484 	 0 	 1
213307809 	 8 	 0
1690033514 	 1 	 2
2991261346 	 1 	 0
216076351 	 1 	 0
233068578 	 118 	 387
311052244 	 0 	 2
2298257269 	 33 	 0
28093339 	 0 	 5
1468212530 	 1 	 2
1358574440 	 0 	 4
1370842388 	 0 	 8
39052914 	 1 	 5
361242300 	 0 	 12
2712826522 	 12 	 0
2252578506 	 0 	 1
2753387091 	 1 	 1
1047089485 	 4 	 0
166731381 	 28 	 70
3013732339 	 30 	 20
2983066821 	 0 	 2
373579105 	 0 	 12
71343336 	 81 	 79
934814834 	 2 	 6
1069395794 	 1 	 12
1016009144 	 4 	 2
783422396 	 0 	 2
3056662872 	 4 	 1
2341578158 	 1 	 7
1898617614 	 1 	 0
2857550152 	 1 	 0
2563509001 	 0 	 1
2340111811 	 1 	 0
2334172560 	 0 	 3
2986815453 	 1 	 1
75922852 	 1466 	 628
3114868889 	 1 	 0
3042091006 	 19 	 24
509248562 	 2 	 17
1232439530 	 0 	 1
31943911 	 15 	 22
88696740 	 4 	 35
2482812129 	 1 	 0
2266749500 	 0 	 3
3113062169 	 92 	 20
1045966590 	 0 	 1
320950424 	 4 	 15
633331131 	 2 	 4
779509639 	 0 	 1
961347372 	 12 	 3
239699401 	 9 	 0
2937715124 	 104 	 122
2916460019 	 0 	 4
2722654625 	 0 	 3
2556161853 	 3 	 8
2980921200 	 3 	 0
2743531980 	 2 	 0
1037217606 	 1 	 0
2392935086 	 0 	 1
467085645 	 30 	 35
743621468 	 0 	 4
19387021 	 43 	 74
934874966 	 0 	 3
1171720003 	 0 	 1
1295961612 	 0 	 18
222216222 	 9 	 15
2918830835 	 2 	 0
2852593004 	 2 	 8
3035122511 	 3 	 3
816140107 	 4 	 6
569365427 	 0 	 2
1703199847 	 15 	 2
2724612664 	 2 	 15
2984682102 	 0 	 3
202472599 	 2 	 10
2249354696 	 0 	 1
2366092273 	 0 	 2
540668662 	 857 	 601
444985235 	 0 	 1
1120887582 	 0 	 9
890937828 	 0 	 2
2962664406 	 29 	 1
2956957256 	 1 	 0
2929642199 	 0 	 4
1937571937 	 3 	 12
811213729 	 2 	 2
2917958552 	 0 	 2
3010267725 	 1 	 0
625788529 	 0 	 4
2278302992 	 7 	 1
271128440 	 22 	 11
1169546053 	 3 	 0
2987484604 	 11 	 8
1618953558 	 7 	 20
2413764123 	 0 	 1
258094996 	 15 	 62
809938064 	 14 	 25
3097303504 	 0 	 1
1474123982 	 0 	 12
2717598373 	 11 	 14
2928052024 	 3 	 0
1067363995 	 1 	 27
2718224211 	 0 	 1
1870284079 	 0 	 1
3065269216 	 0 	 2
2246442263 	 0 	 5
2788275124 	 129 	 149
2343437205 	 13 	 2
69549218 	 13 	 0
2957699706 	 3 	 8
353023408 	 0 	 2
856777574 	 4 	 12
2603075740 	 6 	 6
161268346 	 13 	 27
2796971079 	 0 	 2
2216013355 	 0 	 1
3044311823 	 2 	 1
3012493749 	 0 	 2
1053437148 	 2 	 4
1721086423 	 1 	 0
2979497703 	 0 	 1
1097079960 	 1 	 4
719071706 	 1 	 2
36202178 	 0 	 1
2417923802 	 0 	 1
550847623 	 1 	 0
338426302 	 0 	 8
132050636 	 0 	 2
1162703370 	 13 	 0
275759599 	 0 	 11
529448861 	 1 	 4
608546541 	 0 	 13
2187938209 	 0 	 4
3045380097 	 388 	 434
332770861 	 4 	 5
2822117342 	 8 	 9
1535201132 	 9 	 7
2660363032 	 1 	 0
3094173384 	 0 	 4
2577812353 	 0 	 1
211012246 	 0 	 2
230279335 	 1 	 36
991150658 	 1 	 3
2962340182 	 0 	 2
815509795 	 0 	 4
2889484479 	 0 	 4
2881359582 	 1 	 7
2497538678 	 2 	 2
2740082962 	 13 	 7
2904205958 	 8 	 4
408782163 	 0 	 2
2911556529 	 84 	 113
2724857032 	 0 	 1
52055326 	 65 	 209
1721044970 	 0 	 1
2471347069 	 1 	 0
2740331824 	 1 	 0
2165090817 	 0 	 1
22739948 	 129 	 52
3040103930 	 10 	 0
2238867927 	 0 	 1
92819377 	 1 	 0
469924560 	 36 	 0
2328267122 	 1 	 0
980960461 	 0 	 7
1087002326 	 276 	 0
50804274 	 3 	 9
1668723068 	 2 	 1
3085117594 	 0 	 2
1592440356 	 3 	 11
2313526938 	 0 	 8
3029919771 	 13 	 4
43298017 	 3 	 2
1313646014 	 5 	 0
2840709202 	 6 	 24
150948163 	 0 	 6
930618392 	 1 	 0
1606972232 	 0 	 5
2200242956 	 9 	 46
1504620139 	 1 	 0
2571640015 	 2 	 4
808017410 	 0 	 7
1442618282 	 41 	 20
766669082 	 2 	 14
883308811 	 512 	 786
2728694724 	 6 	 3
2845921043 	 6 	 11
2778247103 	 6 	 0
2893596965 	 1 	 0
2438147206 	 3 	 0
437020597 	 2 	 3
245651913 	 1 	 1
1499025728 	 0 	 3
2986686658 	 0 	 2
1048901053 	 1 	 3
438659895 	 0 	 1
809551405 	 53 	 61
2258733919 	 14 	 49
604528167 	 0 	 5
2945391127 	 34 	 35
2820866248 	 4 	 4
2646605725 	 5 	 5
2981952153 	 1 	 2
2735253197 	 0 	 1
1625229481 	 0 	 3
2604229756 	 4 	 2
3074214311 	 2 	 0
1032158988 	 0 	 1
2609224183 	 0 	 1
1315694803 	 6 	 0
2379942280 	 0 	 2
3091222975 	 0 	 1
3108964380 	 0 	 2
3068449431 	 3 	 0
2916763553 	 3 	 10
47304781 	 420 	 379
1295965406 	 0 	 3
2949717879 	 5 	 4
2974807259 	 0 	 2
2509044487 	 2 	 34
1135720554 	 0 	 1
2442728341 	 0 	 9
2578267673 	 0 	 10
83726819 	 4 	 27
2888882417 	 0 	 1
1187119110 	 1 	 2
44144329 	 35 	 85
2973766671 	 3 	 4
2704876344 	 0 	 1
2994098413 	 0 	 42
1129358006 	 4 	 22
2593256463 	 0 	 2
2992082472 	 4 	 8
878756952 	 48 	 187
546389187 	 8 	 4
1543005240 	 5 	 49
2467007072 	 6 	 3
311112967 	 4 	 2
2621533948 	 63 	 21
2908831669 	 2 	 4
2793245421 	 29 	 7
2828967314 	 3 	 9
15683103 	 0 	 2
843130200 	 1 	 2
2170847762 	 0 	 1
2775947806 	 2 	 9
2332669494 	 0 	 6
3014145779 	 14 	 30
2771505118 	 0 	 1
304470956 	 1 	 0
866741827 	 2 	 0
287887614 	 2 	 1
711452401 	 2 	 44
2946063662 	 0 	 1
3030616062 	 3 	 1
563998926 	 0 	 8
1540193808 	 7 	 5
515776992 	 0 	 1
3115715562 	 1 	 2
1423960525 	 3 	 39
762622524 	 0 	 5
155654553 	 75 	 41
1609754179 	 0 	 12
115525032 	 0 	 3
97284139 	 14 	 7
30006753 	 1 	 46
1203041946 	 4 	 10
2983501405 	 3 	 2
434238072 	 2 	 0
23834675 	 20 	 67
343936913 	 50 	 142
1566829352 	 83 	 0
2879064679 	 0 	 1
3090690042 	 1 	 1
2973506087 	 1 	 0
2377921973 	 73 	 23
3073378806 	 0 	 1
499044124 	 0 	 17
3074248286 	 0 	 1
2921457609 	 2 	 0
2880306357 	 0 	 1
2830689058 	 3 	 1
2956349634 	 1 	 1
2522738775 	 4 	 16
2391199255 	 1 	 4
1452532201 	 3 	 5
894516998 	 0 	 1
467065676 	 1 	 0
2501718524 	 3 	 0
2441600063 	 2 	 4
1342191559 	 0 	 1
2398532696 	 0 	 1
53520595 	 3 	 3
1038908624 	 0 	 58
1375664096 	 12 	 5
1122041779 	 0 	 1
2244652602 	 5 	 0
2674092992 	 1 	 1
2858825602 	 0 	 1
2246710165 	 1 	 8
1374371856 	 0 	 13
2318185207 	 0 	 4
2332928804 	 1 	 0
254761542 	 1 	 4
1314446143 	 0 	 2
108905110 	 0 	 26
2498803190 	 0 	 2
2496177169 	 1 	 3
1081062408 	 0 	 1
57733842 	 23 	 16
134899127 	 1 	 1208
2508070955 	 5 	 22
20741388 	 164 	 25
1493702257 	 105 	 181
247833332 	 3 	 5
1458185790 	 0 	 2
2908593735 	 8 	 5
1226633288 	 0 	 6
2932733590 	 0 	 1
2568235008 	 0 	 1
392515372 	 6 	 13
48304438 	 13 	 101
2269752338 	 0 	 2
2607922947 	 4 	 1
373188797 	 36 	 2
1050443076 	 8 	 92
572184258 	 2 	 3
2995138324 	 1 	 2
57567726 	 37 	 16
334454200 	 5 	 8
2521923286 	 1 	 2
2764553473 	 0 	 3
581260530 	 1 	 5
399489979 	 2 	 7
2561416575 	 15 	 115
2898043380 	 0 	 1
1495088665 	 0 	 1
3037706242 	 0 	 2
388307112 	 1 	 31
3087589047 	 0 	 6
2965688895 	 0 	 1
2954559191 	 2 	 1
1429486316 	 61 	 18
2598635247 	 11 	 2
25311240 	 1419 	 82
1146675223 	 1 	 0
2995460831 	 7 	 0
185017873 	 506 	 8
1228237898 	 0 	 4
1907637949 	 0 	 1
1594479060 	 0 	 1
2747144492 	 16 	 25
1545644725 	 0 	 2
2375974975 	 6 	 3
965207611 	 4 	 0
2436893477 	 0 	 2
2290769879 	 3 	 4
1231784246 	 2 	 7
895860206 	 13 	 54
566650612 	 0 	 1
3027488429 	 33 	 55
1333661174 	 0 	 3
197010387 	 2 	 0
2336381272 	 1 	 0
2287946136 	 0 	 1
2604898376 	 3 	 12
2903191005 	 2 	 1
3007047730 	 5 	 8
1240175660 	 0 	 1
2867122666 	 0 	 1
2962307991 	 0 	 3
2989026548 	 0 	 1
427381396 	 3 	 5
2949269194 	 1 	 0
2518993484 	 0 	 47
344115535 	 64 	 157
910688622 	 0 	 2
473269046 	 0 	 7
602433517 	 0 	 19
2519768433 	 1 	 0
3033489659 	 6 	 0
75373651 	 0 	 49
290252213 	 0 	 6
200648568 	 0 	 1
16563547 	 3 	 3
1560961549 	 0 	 1
2861476024 	 4 	 3
2883623441 	 0 	 1
2779468340 	 61 	 4
2520738704 	 27 	 28
1340457506 	 0 	 1
3027575316 	 0 	 3
359143366 	 0 	 7
2771406708 	 2 	 7
2845538103 	 1 	 4
3013860412 	 0 	 2
334359198 	 0 	 1
2896776131 	 4 	 4
2885555469 	 0 	 12
1751296724 	 0 	 1
2999462383 	 1 	 14
636361985 	 2 	 4
3012703539 	 0 	 1
2248459323 	 1 	 4
2982240712 	 333 	 0
580032001 	 0 	 1
3002474403 	 1 	 22
1561999434 	 1 	 2
2474522750 	 6 	 19
2921983029 	 17 	 4
3001307601 	 34 	 0
53399230 	 0 	 1
2973311183 	 10 	 10
3079566425 	 81 	 2
2921964634 	 0 	 2
2203422900 	 2 	 32
1525345063 	 1 	 0
22494382 	 2 	 2
2465827865 	 0 	 1
512851665 	 0 	 9
2487335016 	 0 	 2
2985084269 	 0 	 1
1140781458 	 0 	 2
2865761030 	 50 	 43
2837517220 	 1 	 0
2544820309 	 4 	 3
50008543 	 2 	 3
1029249948 	 2 	 5
27649141 	 13 	 15
391017411 	 1 	 0
119704910 	 2 	 6
2478224016 	 2 	 9
2893452378 	 2 	 5
1483582435 	 1 	 7
2371361995 	 0 	 5
1506877316 	 30 	 11
519804223 	 91 	 3
32210375 	 0 	 3
2728123090 	 0 	 6
740050238 	 5 	 24
2769061058 	 1 	 0
2439060728 	 46 	 152
394915376 	 9 	 1
2945865628 	 2 	 1
2384114018 	 0 	 3
2843959643 	 1 	 4
3033688844 	 4 	 1
176380757 	 0 	 11
2750877303 	 5 	 0
22524091 	 5 	 2
479250666 	 18 	 14
3127320707 	 15 	 16
1396817059 	 0 	 1
893823422 	 0 	 2
2390519185 	 0 	 1
1020617971 	 7 	 0
1529250283 	 0 	 3
1347633547 	 7 	 0
2748855791 	 3 	 6
2968388123 	 0 	 1
2524135658 	 0 	 1
3025633421 	 5 	 1
2760368279 	 4 	 0
368437546 	 31 	 225
2962670272 	 0 	 2
971220812 	 0 	 1
2365972404 	 0 	 2
2958976272 	 129 	 0
1729051645 	 4 	 9
1220071573 	 2 	 0
102029866 	 14 	 2
1882333922 	 4 	 0
1498721216 	 0 	 1
1427912202 	 0 	 2
2791673457 	 0 	 2
1935194071 	 0 	 3
2990367667 	 0 	 2
2573186850 	 3 	 3
3005789932 	 1 	 0
2364576901 	 3 	 2
2372752841 	 0 	 15
586575977 	 46 	 14
2865797870 	 0 	 1
1659275576 	 0 	 5
840433650 	 0 	 1
1135099730 	 2 	 4
2992399630 	 10 	 2
2470571564 	 2 	 3
2945569220 	 1 	 3
2547375732 	 0 	 2
1196791898 	 2 	 16
2691808545 	 0 	 3
1039856160 	 1 	 0
2444571134 	 8 	 11
552077836 	 7 	 8
1036114669 	 16 	 30
232975838 	 4 	 24
46559471 	 59 	 33
2730212033 	 0 	 1
1236998864 	 1 	 1
3082728912 	 5 	 2
2246711085 	 0 	 10
1448322205 	 2 	 6
59615041 	 5 	 12
547870654 	 0 	 2
2169257565 	 15 	 52
2585548911 	 3 	 0
349322419 	 78 	 479
2928152198 	 4 	 12
868257366 	 36 	 21
1321252634 	 3 	 10
14815814 	 1 	 0
2362477976 	 41 	 17
1478300900 	 6 	 0
116793795 	 1 	 0
2936651555 	 2 	 4
2559379563 	 6 	 17
2933804633 	 3 	 3
1596556783 	 15 	 5
16394061 	 239 	 184
92550471 	 0 	 11
488473170 	 0 	 10
2732053791 	 0 	 1
247605334 	 8 	 2
2998816236 	 0 	 4
448286628 	 4 	 2
2942487587 	 414 	 845
1734176052 	 32 	 40
2909631254 	 1 	 3
68584653 	 0 	 5
2853229116 	 1 	 2
1219824277 	 0 	 1
2864309362 	 0 	 5
3031589792 	 8 	 2
2519659000 	 1 	 0
1138561771 	 1 	 2
513468982 	 0 	 4
1720324578 	 2 	 0
212473020 	 4 	 7
2902668569 	 0 	 2
2951608617 	 10 	 2
2746690511 	 0 	 9
990148682 	 1 	 12
838205125 	 79 	 57
2941328370 	 3 	 7
2804783927 	 1 	 2
1341746821 	 0 	 2
254036075 	 8 	 1
2471798008 	 0 	 1
1546443432 	 0 	 13
2923912150 	 0 	 2
974312004 	 1 	 3
1894808334 	 4 	 1
2198522839 	 0 	 1
21549110 	 0 	 21
2865929142 	 0 	 4
2890371373 	 6 	 0
1902441768 	 4 	 0
2957112230 	 1 	 0
2971249788 	 1 	 2
2952717085 	 0 	 1
2950702641 	 0 	 4
2515416862 	 7 	 10
2916876287 	 5 	 1
1202978850 	 2 	 2
961787250 	 25 	 16
2348045088 	 0 	 5
258388402 	 0 	 1
52523472 	 8 	 14
2602736065 	 1 	 9
2207098178 	 0 	 1
1268428160 	 3 	 47
2745799317 	 0 	 5
1568648058 	 0 	 2
2856063795 	 2 	 3
2274301016 	 1 	 7
2356889202 	 0 	 2
636549518 	 2 	 14
109235645 	 48 	 81
2585516074 	 2 	 0
1197339265 	 65 	 4
240722910 	 0 	 2
362602529 	 0 	 4
2273324692 	 5 	 44
268543778 	 1 	 8
1431095166 	 12 	 3
2160800772 	 0 	 1
1355649967 	 0 	 1
319610770 	 0 	 3
2315777743 	 0 	 1
2903091233 	 1 	 0
430127541 	 0 	 28
24722494 	 5 	 11
2718443526 	 0 	 12
2418170005 	 0 	 3
2748437727 	 0 	 1
2895191582 	 11 	 2
2776060083 	 0 	 1
1858817893 	 0 	 1
3109258052 	 0 	 6
418719818 	 3 	 8
533972274 	 1 	 0
320154349 	 246 	 62
1682421781 	 8 	 15
2880128194 	 5 	 3
2200379652 	 0 	 2
19028476 	 54 	 3
1053383526 	 0 	 1
2300121629 	 7 	 6
1511104351 	 1 	 1
2254600782 	 6 	 11
122620304 	 32 	 121
3110395858 	 12 	 4
893898265 	 0 	 1
2760785112 	 6 	 7
2468055566 	 0 	 1
273203971 	 1 	 8
445991884 	 0 	 2
2609864878 	 9 	 8
2944598221 	 17 	 5
2869379215 	 0 	 1
445006581 	 5 	 22
2173215187 	 0 	 5
2390449620 	 0 	 2
50289132 	 1 	 0
1490566874 	 670 	 367
2784468303 	 4 	 0
770142348 	 2 	 0
792476443 	 1 	 9
3082368646 	 2 	 1
294420572 	 2 	 37
3076608161 	 2 	 2
2174816496 	 1 	 3
3018682047 	 0 	 1
1278723134 	 1 	 1
39572410 	 0 	 1
3048696941 	 1 	 7
1560999871 	 0 	 2
2982283659 	 0 	 32
2176196803 	 0 	 2
544190354 	 0 	 2
23683895 	 816 	 188
2981070849 	 0 	 5
2731748451 	 14 	 15
592002086 	 0 	 2
705285685 	 0 	 1
349458048 	 12 	 47
2203640468 	 16 	 12
2252313730 	 0 	 2
106508686 	 1 	 0
2877318931 	 0 	 1
2370297008 	 11 	 6
1166898660 	 0 	 1
1852869698 	 0 	 3
3054046477 	 0 	 2
2731386749 	 3 	 46
2641626454 	 2 	 8
2908409343 	 0 	 1
38076933 	 1196 	 423
2273120012 	 1 	 6
2678629280 	 4 	 3
2495325586 	 1 	 0
2995042831 	 2 	 1
1118176326 	 0 	 5
2909952094 	 0 	 1
465696486 	 17 	 8
1632395467 	 0 	 3
3045002010 	 17 	 0
2653495750 	 1 	 0
291598445 	 3 	 8
2554673239 	 1 	 4
1420914691 	 0 	 4
2952533174 	 1 	 0
1906932392 	 6 	 2
2973726165 	 0 	 1
1487362622 	 112 	 94
2734951281 	 0 	 2
1558937396 	 0 	 1
535436903 	 64 	 8
410848362 	 14 	 45
2665416901 	 0 	 1
26727140 	 0 	 3
2899017631 	 0 	 1
634256652 	 0 	 1
2884145843 	 1 	 0
2756749318 	 0 	 7
3002547873 	 0 	 9
1961817289 	 0 	 2
900569918 	 0 	 12
967687232 	 0 	 7
1620008569 	 41 	 66
703615394 	 3 	 2
2723767554 	 0 	 2
2416453640 	 31 	 22
3108352431 	 17 	 11
633741381 	 0 	 5
2639177295 	 2 	 3
2713301768 	 0 	 7
930193242 	 14 	 8
2984058743 	 7 	 10
214004895 	 0 	 1
2716964123 	 0 	 5
230114030 	 0 	 8
2413229885 	 1 	 1
609320639 	 18 	 9
1205300324 	 14 	 0
3004395401 	 1 	 0
2972152438 	 2 	 0
2498065921 	 0 	 3
2838083302 	 0 	 46
2942558492 	 0 	 2
2707143066 	 0 	 1
23586344 	 13 	 44
2363380112 	 0 	 46
2746356852 	 1 	 15
2730937446 	 0 	 1
1371101406 	 0 	 13
2264882562 	 0 	 4
2912344209 	 7 	 2
928930566 	 8 	 21
885528355 	 0 	 11
2768345009 	 4 	 2
54211204 	 14 	 0
2750921411 	 2 	 2
2765098072 	 1 	 1
3008482170 	 0 	 2
2256280206 	 1 	 5
1083477512 	 0 	 2
1059328194 	 0 	 3
1346185920 	 0 	 2
3000320012 	 15 	 33
236258159 	 113 	 60
88933181 	 2 	 0
2216509300 	 69 	 81
1120980493 	 0 	 1
2943282417 	 6 	 4
870475482 	 0 	 5
73695731 	 1 	 2
1968890928 	 1 	 2
3024025395 	 8 	 1
1094135550 	 0 	 3
2977242603 	 1 	 0
1065871063 	 1 	 1
627907433 	 3 	 5
106236099 	 4 	 0
2451264468 	 2 	 2
706143288 	 0 	 2
2203546785 	 0 	 1
2338959031 	 0 	 2
1511976758 	 0 	 2
2882491619 	 13 	 0
2690163984 	 0 	 4
2613056448 	 0 	 3
2782608307 	 0 	 1
2784975787 	 0 	 3
2908557105 	 2 	 4
2983430091 	 1 	 0
1241784547 	 6 	 13
40909915 	 1 	 9
2351718736 	 3 	 7
2336139639 	 2 	 2
2732080837 	 1 	 9
602112899 	 11 	 3
790149096 	 0 	 5
2620873694 	 8 	 0
579549376 	 3 	 5
2501405969 	 0 	 2
1023720006 	 0 	 1
202595140 	 3 	 1
3019560977 	 0 	 3
2960558141 	 1 	 0
2513472189 	 0 	 1
17434239 	 9 	 13
1593957656 	 1 	 8
3013978994 	 2 	 6
2767352923 	 12 	 6
2353280685 	 76 	 40
711241724 	 0 	 4
1327987164 	 5 	 6
2447365948 	 0 	 1
2300746824 	 68 	 78
36666530 	 1 	 5
3102422166 	 0 	 8
857853320 	 0 	 1
2500814584 	 107 	 3
2609125032 	 3 	 7
3111952012 	 2 	 2
438490210 	 0 	 1
614879811 	 7 	 30
2968194287 	 2 	 0
2347737666 	 0 	 16
233309503 	 0 	 5
2631673455 	 0 	 1
1060604221 	 0 	 2
3014553226 	 0 	 2
1012652636 	 0 	 1
3052686660 	 0 	 2
514022242 	 1 	 0
3027513211 	 0 	 3
802098926 	 6 	 1
2591487005 	 0 	 9
153128126 	 1 	 14
1558358983 	 1 	 2
1156883954 	 5 	 4
2611234258 	 2 	 2
2724150244 	 0 	 1
482481595 	 0 	 15
860320405 	 0 	 4
52322011 	 6 	 154
1498457600 	 1 	 0
2811891904 	 4 	 10
2866312337 	 11 	 74
2495608604 	 2 	 24
960891114 	 0 	 1
2899404227 	 1 	 5
1305283580 	 1 	 0
2290029811 	 0 	 22
226796634 	 0 	 4
2950225408 	 1 	 1
2224926456 	 0 	 2
328785777 	 18 	 0
60366403 	 32 	 64
629735946 	 1 	 0
1979372988 	 0 	 1
2802664535 	 0 	 2
2251225446 	 5 	 21
2984637933 	 1 	 0
3040192404 	 1 	 6
2722731825 	 0 	 1
3073404545 	 1 	 2
2627171572 	 2 	 3
1887494761 	 1 	 41
2485898342 	 0 	 2
2564777035 	 1 	 0
135868803 	 1 	 1
2975412119 	 5 	 0
2545801935 	 0 	 2
1679285522 	 1 	 8
2147512983 	 3 	 2
709601232 	 0 	 1
413456469 	 36 	 25
3043415271 	 1 	 0
2435698778 	 1 	 12
516728592 	 17 	 15
2318403147 	 0 	 1
2739875301 	 0 	 2
2257430548 	 1 	 5
2907484101 	 0 	 1
2925975701 	 6 	 1
3040872819 	 0 	 46
239656656 	 72 	 89
2918936502 	 27 	 48
2419593438 	 1 	 11
2724135255 	 2 	 0
459895588 	 1 	 1
872650686 	 44 	 194
629018116 	 0 	 4
1544076535 	 3 	 11
2788564831 	 1 	 7
3010859096 	 2 	 4
2937301276 	 2 	 14
1324449997 	 0 	 1
1703456167 	 0 	 3
2932736344 	 4 	 0
992698340 	 18 	 29
2865686718 	 1 	 4
464750381 	 3 	 7
2445766314 	 0 	 3
2658828307 	 0 	 2
2453870928 	 1 	 0
2419868007 	 0 	 2
1216131781 	 1 	 0
2799228219 	 2 	 1
2692227212 	 4 	 2
2694082282 	 5 	 0
454212238 	 12 	 28
2384604722 	 1 	 14
771115602 	 0 	 2
580170650 	 9 	 5
2351217773 	 0 	 2
2965339559 	 0 	 5
1581851702 	 9 	 0
2568352426 	 0 	 10
2979491992 	 3 	 6
3078956370 	 2 	 1
582163782 	 4 	 12
2367512420 	 1 	 0
2334174014 	 0 	 1
2876305923 	 0 	 3
2341284986 	 3 	 10
2744379202 	 0 	 1
2203050737 	 26 	 82
2914151303 	 1 	 1
52864018 	 8 	 240
2627959595 	 5 	 5
2887997433 	 5 	 8
2937823517 	 0 	 1
2151713591 	 1 	 3
2165776433 	 8 	 0
1604212940 	 0 	 11
3033607829 	 0 	 3
358635107 	 2 	 1
2195107466 	 4 	 0
828396511 	 4 	 13
334300508 	 0 	 1
1349632016 	 1 	 2
2586285408 	 4 	 1
2645545330 	 9 	 8
16857836 	 366 	 1213
449964664 	 0 	 1
143595558 	 2 	 23
2660730700 	 3 	 4
3025183695 	 0 	 1
1603000094 	 6 	 16
16423680 	 6 	 17
2937222199 	 5 	 13
2828848867 	 0 	 2
2974249733 	 0 	 57
2404881204 	 0 	 7
2812143263 	 0 	 2
2654661861 	 5 	 21
942308778 	 0 	 8
471888443 	 0 	 14
78091695 	 50 	 134
1606926248 	 0 	 1
2998626730 	 5 	 15
1363264309 	 0 	 21
2765078337 	 0 	 1
2870146821 	 0 	 1
1334655692 	 0 	 2
415742330 	 1 	 2
1393378628 	 11 	 11
1544690618 	 1 	 3
477487981 	 0 	 1
1326758233 	 0 	 5
2967219952 	 0 	 1
436810517 	 79 	 35
26910807 	 0 	 3
2971871464 	 19 	 23
3037018602 	 0 	 1
2864529060 	 4 	 11
2388133910 	 2 	 0
2414082384 	 1 	 5
178030167 	 0 	 3
1940124240 	 4 	 9
232298419 	 1 	 2
3018157910 	 0 	 1
2954235867 	 2 	 3
3031785183 	 0 	 2
2712314062 	 11 	 1
2773018313 	 1 	 2
292862572 	 0 	 4
3022419963 	 0 	 4
1297290402 	 9 	 28
1831797342 	 1 	 0
148382170 	 278 	 69
1286261071 	 1 	 5
897509594 	 108 	 6
2869462386 	 1 	 0
1580814492 	 0 	 2
419669921 	 50 	 231
344690832 	 2 	 0
3041452721 	 3 	 0
446903038 	 0 	 4
2463066784 	 0 	 2
1556563772 	 1 	 0
1893310921 	 3 	 40
797263375 	 0 	 3
1144574893 	 0 	 1
30039253 	 50 	 1
2318663445 	 3 	 1
2872573031 	 0 	 1
2193489145 	 16 	 33
3011274507 	 0 	 1
1158232243 	 0 	 1
2273980452 	 6 	 8
91692512 	 0 	 3
2921392852 	 0 	 1
2875709752 	 20 	 6
3048364917 	 112 	 186
1705799604 	 11 	 1
2784484748 	 5 	 14
2886085611 	 0 	 7
415845289 	 43 	 50
2463527912 	 1 	 1
1375766984 	 0 	 1
29633358 	 0 	 57
2147796222 	 13 	 6
2706768392 	 2 	 6
2887840605 	 0 	 1
1950407053 	 5 	 3
2874879328 	 0 	 7
237411813 	 2 	 1
2390420994 	 105 	 1
235612435 	 0 	 3
2985102366 	 10 	 0
2887983925 	 32 	 2
2287704289 	 1 	 11
1663530960 	 0 	 2
2148172328 	 0 	 34
2462565707 	 2 	 1
3119665913 	 30 	 0
192847562 	 29 	 52
3002429217 	 2 	 5
1619379512 	 119 	 16
1598741904 	 5 	 6
2150040687 	 0 	 1
3116428959 	 1 	 0
2571502611 	 0 	 3
1949908093 	 1 	 1
2926619406 	 1 	 0
1040997450 	 0 	 4
3089750621 	 0 	 2
3070520465 	 4 	 7
368539204 	 146 	 28
2543630830 	 22 	 14
2182259392 	 2 	 3
25847662 	 0 	 8
2745010728 	 1 	 1
410431832 	 2 	 1
791987130 	 1 	 1
983400091 	 1 	 35
3089979001 	 0 	 1
2746904423 	 2 	 6
302237628 	 0 	 1
1976965368 	 0 	 1
3041533349 	 2 	 0
1362383646 	 0 	 2
2333951852 	 1 	 1
1431886142 	 4 	 8
2808120791 	 2 	 2
2493501393 	 24 	 11
2795243959 	 2 	 1
2793320165 	 1 	 0
2925069206 	 0 	 3
1112679991 	 0 	 4
556827276 	 14 	 0
1242859705 	 2 	 2
1272500016 	 17 	 53
2476005030 	 0 	 5
1908813554 	 227 	 368
898257194 	 1 	 2
345776206 	 0 	 3
2543739436 	 7 	 5
195875182 	 0 	 1
2802520322 	 0 	 6
3019223763 	 3 	 0
2768426734 	 13 	 15
2572335036 	 1 	 2
557068003 	 2 	 0
2162142216 	 8 	 17
80085403 	 10 	 8
257142241 	 0 	 2
1112061216 	 0 	 1
2175109904 	 34 	 43
3025477798 	 11 	 12
2973970414 	 0 	 1
2857690601 	 2 	 1
2890064158 	 13 	 12
1273522525 	 1 	 0
3042749944 	 15 	 14
1205429120 	 2 	 10
2408674502 	 486 	 1147
2978971882 	 1 	 0
1594063332 	 2 	 13
2151392191 	 6 	 16
776944543 	 24 	 30
2990372162 	 0 	 1
2758604684 	 6 	 1
485092079 	 0 	 1
2290077955 	 0 	 2
1660862594 	 0 	 1
1599087102 	 0 	 13
3127544825 	 2 	 0
862154029 	 7 	 1
1093113722 	 4 	 9
2737592436 	 0 	 13
124878802 	 0 	 1
1365779976 	 0 	 1
905312215 	 3 	 7
1216171603 	 2 	 4
2337404155 	 4 	 2
2857951264 	 4 	 48
24919244 	 16 	 0
1065741258 	 2 	 0
2804774814 	 1 	 0
1549258225 	 0 	 1
17021806 	 59 	 81
2769504706 	 0 	 1
2983738638 	 2 	 0
1958385121 	 0 	 1
14687966 	 3 	 3
61697642 	 4 	 0
2879236232 	 0 	 12
461651862 	 0 	 2
1436149489 	 3 	 6
3082757708 	 1 	 0
2962441832 	 3 	 0
708050179 	 0 	 8
3015908311 	 17 	 7
2907757585 	 0 	 2
2752663556 	 60 	 132
287728950 	 0 	 2
1128178039 	 0 	 13
338908667 	 4 	 16
2763630797 	 1 	 0
3053099334 	 6 	 1
3114129054 	 0 	 1
1105600160 	 0 	 1
3006444471 	 2 	 0
843629382 	 0 	 3
1840869632 	 3 	 5
217791516 	 1 	 0
2822333961 	 0 	 1
2470356449 	 0 	 1
1363270812 	 0 	 6
32759193 	 2 	 8
400120758 	 0 	 18
126710614 	 118 	 120
118191101 	 3 	 3
2893999868 	 0 	 1
2901381779 	 1 	 0
160228888 	 0 	 1
2337413886 	 2 	 11
102625991 	 16 	 122
875705425 	 1 	 0
122463378 	 11 	 33
2576323691 	 0 	 2
1548066919 	 16 	 7
2313235804 	 2 	 24
783411500 	 2 	 1
27816566 	 1 	 3
868701480 	 0 	 1
2818354531 	 1 	 2
number of nodes: 3513
