The number of nodes: 4038
The number of nodes: 4038
The number of nodes: 4038
The number of edges: 28992
The number of self-loop: 0
The in-degree and out-degree of nodes
Node 	 In-degree 	 Out-degree
2567326687 	 9 	 21
2942245404 	 2 	 1
348338919 	 33 	 22
2585458779 	 0 	 5
2916979844 	 4 	 9
624180964 	 10 	 0
2920871927 	 0 	 41
1973470783 	 0 	 10
35272731 	 17 	 32
2330912724 	 1 	 3
1936060656 	 3 	 3
3053556879 	 8 	 9
2898155236 	 0 	 1
2419704115 	 1 	 0
1094994919 	 1 	 1
2341800168 	 2 	 0
2255602605 	 0 	 1
114592176 	 1 	 1
1888538239 	 1 	 3
2848708305 	 5 	 9
2440076084 	 4 	 9
48065292 	 0 	 4
2922222453 	 0 	 8
48762145 	 0 	 2
2454573148 	 2 	 2
831840926 	 271 	 14
2981536708 	 13 	 20
192782446 	 1 	 10
1078719553 	 0 	 4
1242444086 	 35 	 8
135964180 	 20 	 69
135209978 	 3 	 23
27267518 	 4 	 5
153844388 	 1 	 2
1377398754 	 0 	 3
2360027234 	 2 	 1
499002616 	 9 	 1
1499403746 	 29 	 34
170876032 	 0 	 7
3115962976 	 2 	 0
2574789933 	 0 	 1
3000589905 	 1 	 1
1394865570 	 3 	 26
185056717 	 7 	 0
3008241467 	 37 	 0
1410895044 	 0 	 1
2402194795 	 0 	 12
2793207358 	 0 	 1
2259666512 	 0 	 1
2369838832 	 1 	 0
1731292771 	 0 	 1
2438463553 	 5 	 8
1226290447 	 1 	 1
1972218600 	 7 	 9
1045547113 	 0 	 2
843246134 	 8 	 10
3038556179 	 10 	 21
2774403531 	 17 	 27
2952117527 	 0 	 15
1697354906 	 3 	 1
2960716202 	 0 	 10
2888682471 	 17 	 4
2294951304 	 8 	 5
2981635974 	 301 	 297
3057915481 	 0 	 3
944095717 	 0 	 2
1167384414 	 1 	 2
1131544621 	 0 	 7
2867245461 	 15 	 0
1099439623 	 4 	 1
2995198588 	 18 	 49
3020775656 	 10 	 15
1612762249 	 14 	 18
2614408167 	 8 	 17
3082865183 	 1 	 5
890973288 	 1 	 1
760394310 	 227 	 0
2434215580 	 1 	 0
3082757708 	 6 	 5
362600644 	 0 	 1
913106383 	 66 	 0
2309336790 	 9 	 11
1468886311 	 4 	 76
2941504727 	 5 	 11
127648517 	 4 	 6
2765573903 	 189 	 232
1943875518 	 1 	 2
2913976101 	 0 	 3
2772816767 	 29 	 39
2686929092 	 21 	 28
1329117284 	 11 	 37
2538037752 	 5 	 19
2454699672 	 11 	 9
2882584129 	 55 	 108
186155207 	 3 	 2
995320604 	 5 	 10
2243977961 	 7 	 5
2594820642 	 5 	 0
1426616305 	 32 	 0
2511575586 	 17 	 31
2205540630 	 3 	 5
615449529 	 0 	 5
83601697 	 2 	 0
2900561003 	 75 	 96
907045382 	 2 	 11
867352153 	 7 	 21
528104233 	 16 	 21
3088190841 	 16 	 0
1413932856 	 4 	 4
1511201659 	 24 	 0
2616690716 	 2 	 1
2867869694 	 5 	 6
2556651022 	 1 	 13
33470306 	 6 	 14
2275412479 	 0 	 2
1320341174 	 0 	 2
387916880 	 1 	 20
1390836530 	 10 	 8
2996601080 	 0 	 2
2871277750 	 0 	 16
2427564702 	 9 	 0
777200318 	 202 	 212
3033967909 	 1 	 1
2787178275 	 7 	 3
130430907 	 2 	 9
1247389206 	 3 	 8
2593827415 	 16 	 13
2516850933 	 22 	 140
479034909 	 78 	 45
2889717267 	 5 	 8
241385513 	 1 	 9
2774113506 	 3 	 0
3044850504 	 1 	 0
2443523367 	 4 	 5
2515890871 	 3 	 1
3092569571 	 57 	 81
2973796576 	 1 	 0
712423225 	 25 	 55
1565362448 	 0 	 5
3011022675 	 1 	 2
2723026160 	 1 	 0
2848555743 	 4 	 13
3038360682 	 12 	 24
713353539 	 2 	 2
1541211558 	 1 	 0
2546476340 	 6 	 8
545075817 	 51 	 21
2508764293 	 3 	 3
52523472 	 5 	 1
3046985449 	 0 	 1
1338829147 	 0 	 4
446500690 	 2 	 2
2842468129 	 0 	 4
2358597443 	 14 	 21
2891441245 	 9 	 3
2488310533 	 0 	 1
2322524761 	 20 	 22
395845109 	 0 	 2
3054209155 	 4 	 5
138663266 	 54 	 87
1500284598 	 0 	 25
1686971364 	 63 	 91
1008706976 	 6 	 0
3037555714 	 65 	 30
1072386780 	 5 	 7
1473129146 	 0 	 1
2780512257 	 1 	 0
700841587 	 13 	 13
772624508 	 1 	 1
2607536108 	 32 	 78
1853317980 	 74 	 107
3023255718 	 6 	 28
2762402950 	 464 	 212
2959849246 	 5 	 20
7775542 	 55 	 69
587683302 	 0 	 9
496194023 	 5 	 51
2996259188 	 7 	 28
2619166669 	 3 	 4
2880375561 	 6 	 0
2740556393 	 1 	 0
2842079785 	 2 	 1
2958599709 	 15 	 0
69970162 	 25 	 1
17446525 	 0 	 4
2957095316 	 9 	 69
1164779191 	 3 	 2
772928647 	 5 	 15
2956901459 	 212 	 192
125441481 	 12 	 90
2978347262 	 17 	 11
393790948 	 0 	 6
711206017 	 0 	 2
368940233 	 6 	 12
2863585686 	 15 	 26
2891883116 	 3 	 16
17133444 	 4 	 24
2757496420 	 0 	 4
2997026727 	 1 	 1
1059183000 	 1 	 2
2719903720 	 0 	 1
954940014 	 2 	 30
2744058671 	 1 	 2
1858817893 	 2 	 12
1201232784 	 6 	 19
2684300421 	 3 	 14
244237521 	 8 	 17
560714853 	 0 	 11
2888892983 	 3 	 18
2834212701 	 4 	 1
2356889202 	 1 	 3
2935003145 	 2 	 2
19405774 	 12 	 0
1115208852 	 0 	 2
2940116620 	 2 	 1
1431505633 	 8 	 7
636361985 	 1 	 12
1895455093 	 34 	 49
3053649606 	 3 	 5
865075694 	 86 	 52
2718809621 	 0 	 7
1671412549 	 5 	 26
3104824389 	 4 	 8
2757433121 	 8 	 0
1376729941 	 0 	 2
2435585468 	 16 	 46
2971721831 	 0 	 1
2927453554 	 1 	 6
468465063 	 0 	 90
2377692914 	 413 	 267
785968226 	 25 	 16
2993463249 	 1 	 2
392850936 	 0 	 2
2950589589 	 10 	 8
91409460 	 9 	 8
2619345784 	 185 	 0
2937060923 	 1 	 1
1881003902 	 0 	 1
1005019958 	 313 	 308
28093339 	 3 	 3
320346780 	 58 	 119
3020346872 	 3 	 0
17792871 	 7 	 0
1463782273 	 0 	 5
2919028645 	 1 	 2
598834740 	 0 	 61
630334313 	 3 	 1
173955306 	 60 	 97
328092666 	 0 	 1
3045559810 	 22 	 9
2580912856 	 0 	 1
2670222367 	 237 	 60
1726639776 	 0 	 13
3084079288 	 5 	 3
358453591 	 0 	 2
2915944173 	 82 	 71
386790602 	 14 	 38
2752274655 	 0 	 2
2934352713 	 1 	 3
3009850459 	 0 	 1
2980554856 	 1 	 0
2287739683 	 1 	 5
601964207 	 4 	 8
1692004315 	 409 	 238
574533527 	 6 	 27
3029151545 	 9 	 10
709755568 	 9 	 18
2324306619 	 19 	 0
1126132572 	 8 	 6
1646102719 	 1 	 0
2529256320 	 0 	 1
1686553166 	 3 	 6
599501072 	 1 	 1
2584872850 	 73 	 36
846960362 	 9 	 0
2895013596 	 19 	 20
3071346263 	 2 	 4
2339680500 	 0 	 1
1317551240 	 30 	 49
3124489851 	 4 	 10
708088992 	 9 	 14
2925092136 	 2 	 5
2984480687 	 7 	 6
2625959752 	 5 	 6
2651765658 	 7 	 10
1674753672 	 2 	 2
544059435 	 59 	 51
128321908 	 223 	 96
2767352923 	 37 	 22
2898867599 	 7 	 12
2745927437 	 100 	 66
298031274 	 4 	 8
2196548557 	 1 	 1
431338636 	 6 	 31
2869956136 	 1 	 3
915668126 	 261 	 310
105454770 	 1 	 0
537194703 	 23 	 25
1455892946 	 12 	 0
852369529 	 11 	 7
3091550128 	 3 	 12
942925560 	 3 	 9
2556153951 	 0 	 2
1260418842 	 8 	 13
3044311823 	 18 	 15
2445712264 	 81 	 149
2275237666 	 38 	 46
2896722495 	 37 	 78
2211011073 	 13 	 26
280514005 	 0 	 5
1840869632 	 30 	 45
2726964856 	 9 	 14
1318470781 	 9 	 7
774040921 	 5 	 9
3078782464 	 0 	 6
2272173246 	 0 	 1
2903618757 	 16 	 33
2282776783 	 1 	 0
202642499 	 10 	 33
2568296067 	 1 	 1
2810399290 	 13 	 12
2879884035 	 36 	 76
3026609308 	 15 	 97
1292453646 	 0 	 6
2896138714 	 61 	 58
2363008071 	 9 	 0
589341373 	 265 	 99
1049665681 	 16 	 105
2871995585 	 3 	 3
2382568416 	 1 	 0
230238838 	 0 	 79
2935961104 	 2 	 2
2776060083 	 0 	 11
1977157908 	 0 	 2
2536449172 	 1 	 0
2722395898 	 7 	 9
2893965616 	 1 	 1
486073610 	 80 	 55
2832285090 	 0 	 4
2839446221 	 291 	 294
2869430664 	 2 	 4
1571736818 	 6 	 7
1322259654 	 0 	 1
2811892259 	 6 	 11
885727274 	 1 	 0
2306942389 	 4 	 4
3003020278 	 1 	 1
1676625792 	 0 	 1
2284408772 	 21 	 0
1106979248 	 0 	 2
961852904 	 75 	 4
834965803 	 0 	 1
2736022587 	 7 	 13
3108671443 	 6 	 10
1315139484 	 0 	 1
449191378 	 0 	 2
725492370 	 2 	 0
2719210637 	 2 	 8
2196647034 	 36 	 82
2514271717 	 0 	 1
3038027478 	 1 	 1
3098003831 	 77 	 127
2546461995 	 9 	 26
2547463878 	 2 	 13
613475055 	 5 	 0
3108482842 	 2 	 0
856235250 	 1 	 6
2908293855 	 10 	 2
969095208 	 1 	 0
2515224569 	 0 	 1
114148161 	 0 	 1
2727206500 	 1 	 1
1914454154 	 1 	 0
3044818767 	 0 	 3
3034921139 	 0 	 5
428372761 	 19 	 9
14221588 	 721 	 50
3041752617 	 0 	 1
3024648801 	 0 	 1
1410450493 	 1 	 27
2984748547 	 6 	 6
222409989 	 4 	 10
2450321204 	 10 	 9
2880317624 	 2 	 6
2680674001 	 94 	 46
19028476 	 93 	 7
1467789518 	 14 	 8
2157667283 	 105 	 5
31624328 	 134 	 27
448282180 	 1 	 6
2926254102 	 0 	 11
3052619157 	 1 	 0
2764733077 	 11 	 13
2390919775 	 1 	 9
550847623 	 1 	 0
898626824 	 1 	 1
2502311508 	 2 	 3
2281342585 	 4 	 5
2517465179 	 21 	 18
745180039 	 47 	 17
3044064122 	 275 	 349
2969343892 	 6 	 41
2364855890 	 6 	 2
3027664436 	 0 	 1
707163436 	 3 	 24
2853754570 	 27 	 78
3056459301 	 3 	 6
2366597018 	 128 	 62
2924448458 	 1 	 1
1223183936 	 35 	 23
1067363995 	 23 	 2
3106518782 	 2 	 3
2733576793 	 8 	 24
3052376031 	 0 	 2
2203664085 	 1 	 3
31706187 	 43 	 41
1690033514 	 1 	 1
2869896284 	 38 	 40
1090408218 	 106 	 57
1307768222 	 0 	 2
2765678787 	 24 	 19
1059028956 	 0 	 9
1096249652 	 36 	 12
2819604112 	 3 	 0
2872235714 	 0 	 1
2813807419 	 4 	 0
2900202563 	 20 	 0
532465771 	 1 	 15
794821652 	 0 	 1
2254676649 	 13 	 24
2997049319 	 1 	 1
1239730777 	 4 	 0
23469716 	 0 	 2
428538189 	 1 	 13
2926619406 	 1 	 0
3013633329 	 4 	 6
1187920232 	 1 	 0
3063349663 	 33 	 29
185049864 	 14 	 24
487728741 	 104 	 70
2960943219 	 18 	 24
2453853910 	 132 	 176
2810596848 	 1 	 1
595595608 	 0 	 1
604796662 	 8 	 18
2465830805 	 26 	 0
2343947875 	 0 	 3
2410638801 	 1 	 1
3026437112 	 1 	 0
1499067542 	 0 	 4
726964724 	 35 	 50
150290471 	 16 	 16
925696050 	 3 	 6
2913037232 	 3 	 6
89330165 	 3 	 1
21395879 	 179 	 112
2247581354 	 0 	 1
3010670810 	 2 	 2
1895696557 	 3 	 8
2550962437 	 89 	 120
2909674373 	 5 	 0
294450221 	 0 	 1
2978858961 	 6 	 3
2872959640 	 1 	 0
2846292221 	 0 	 1
2979133001 	 0 	 1
475098080 	 2 	 33
1109600484 	 0 	 1
129644027 	 74 	 13
630723069 	 2 	 8
2591467501 	 3 	 2
588726003 	 3 	 13
1373282454 	 37 	 0
287894847 	 1 	 2
3037567171 	 5 	 0
1167726139 	 3 	 2
2657608014 	 10 	 7
1510922130 	 1 	 0
480745139 	 120 	 97
1853083740 	 0 	 1
2701165350 	 7 	 19
1323608833 	 0 	 1
244939585 	 3 	 1
1109782843 	 444 	 424
1940990198 	 58 	 39
27910684 	 30 	 61
3006282363 	 1 	 0
2749791742 	 0 	 1
273437243 	 4 	 4
1880024862 	 1 	 1
1243989192 	 73 	 43
1148631102 	 3 	 8
823776600 	 4 	 0
1080569088 	 0 	 3
2171221659 	 0 	 1
1284096710 	 60 	 34
2531346705 	 1 	 6
2901983343 	 60 	 46
2302917621 	 1 	 1
1329497268 	 11 	 84
1895670512 	 0 	 22
312963709 	 1 	 0
767392836 	 22 	 18
3054478538 	 1 	 17
395925411 	 48 	 38
2910638663 	 13 	 16
2251889618 	 1 	 56
31216084 	 29 	 95
467065676 	 2 	 0
2920121289 	 8 	 7
2741863001 	 17 	 46
1002385230 	 0 	 1
887764362 	 0 	 11
2656589428 	 9 	 0
1514661500 	 1 	 1
704369580 	 1 	 27
976849022 	 100 	 38
2942576517 	 10 	 38
2468269830 	 94 	 71
2276849961 	 4 	 9
151498816 	 0 	 2
1584209269 	 3 	 0
249033421 	 4 	 0
1061634667 	 28 	 43
592109858 	 4 	 37
3027575316 	 0 	 14
1317677820 	 0 	 1
2253906258 	 0 	 1
2773868667 	 5 	 8
717205588 	 3 	 0
2203422900 	 5 	 7
1561400136 	 0 	 2
792476443 	 10 	 8
1022308538 	 1 	 2
3082532171 	 7 	 11
3019195853 	 2 	 0
2924368089 	 64 	 62
2166253636 	 1 	 11
2198647110 	 55 	 62
71756063 	 4 	 7
2396852748 	 9 	 32
3102510248 	 9 	 18
2763462821 	 106 	 0
824268396 	 2 	 1
2844529656 	 3 	 0
2822993704 	 0 	 1
1674516554 	 71 	 41
2997865690 	 146 	 510
762598986 	 10 	 7
3082368646 	 1 	 1
34438619 	 46 	 0
2991434443 	 25 	 0
1685756005 	 485 	 296
1671796832 	 31 	 80
2665416901 	 1 	 1
3059356617 	 0 	 1
915370620 	 9 	 33
1260575438 	 3 	 0
324779542 	 34 	 57
2959146586 	 4 	 18
385868753 	 28 	 52
2336580843 	 22 	 33
2939886686 	 2 	 2
97198239 	 5 	 0
1335133632 	 7 	 5
27816566 	 10 	 19
16192111 	 68 	 110
3087428006 	 20 	 9
1386197526 	 9 	 5
937751498 	 1 	 2
283134746 	 1 	 0
55154065 	 2 	 5
2703787545 	 2 	 1
24180105 	 8 	 0
2567880484 	 4 	 4
629741619 	 40 	 4
2756749318 	 10 	 21
1410931411 	 203 	 188
227392272 	 10 	 33
368645204 	 42 	 0
1140450025 	 0 	 1
518156339 	 13 	 37
1047089485 	 29 	 0
3023873632 	 0 	 1
346046591 	 0 	 11
2798048167 	 13 	 17
2873036937 	 16 	 0
1561695043 	 19 	 44
3035496153 	 2 	 5
1105511504 	 0 	 38
633397260 	 22 	 10
711871560 	 12 	 15
1321353174 	 11 	 24
2734355331 	 11 	 7
2936253076 	 0 	 1
2620873694 	 15 	 0
1963113289 	 301 	 309
3107026614 	 0 	 1
2208734187 	 0 	 1
3053620077 	 1 	 0
2962116005 	 31 	 60
3115715562 	 28 	 22
1676450672 	 1 	 2
62083840 	 6 	 29
482481595 	 65 	 115
1973316967 	 16 	 1
2495608604 	 68 	 137
38001218 	 192 	 38
2506739736 	 0 	 30
2326323615 	 16 	 32
828251508 	 0 	 19
1699678674 	 52 	 112
1542382298 	 1 	 2
968857844 	 15 	 0
713727168 	 28 	 34
1481635956 	 1 	 0
1155862230 	 7 	 3
2937151552 	 29 	 52
325175035 	 80 	 2
2859374235 	 3 	 4
2512920499 	 0 	 267
967054796 	 6 	 20
2904648419 	 0 	 2
2965159287 	 56 	 99
2724886479 	 8 	 8
537378311 	 5 	 0
592002086 	 2 	 0
2558673519 	 1 	 5
1015961204 	 3 	 3
2945300859 	 12 	 11
2269456136 	 0 	 11
150662012 	 0 	 1
751871257 	 53 	 39
3116010081 	 1 	 0
913847342 	 0 	 2
2816225322 	 3 	 20
2674599800 	 42 	 5
2873444470 	 18 	 16
2271099200 	 2 	 3
20786842 	 4 	 1
2938014303 	 1 	 2
2965300996 	 2 	 3
2889460407 	 12 	 9
2800033322 	 29 	 0
3006995960 	 12 	 22
602938795 	 2 	 8
2902437564 	 14 	 0
2809830512 	 10 	 7
2299894347 	 0 	 67
2962307991 	 37 	 49
2847051356 	 0 	 8
3025477798 	 47 	 60
2522760990 	 40 	 54
2450069605 	 50 	 133
2755231179 	 0 	 5
232444717 	 78 	 30
1038962886 	 7 	 13
1562420970 	 39 	 63
3044054369 	 1 	 0
2822791770 	 36 	 101
1373452250 	 50 	 15
871714910 	 1 	 15
533568170 	 4 	 0
2631434421 	 2 	 13
1901794309 	 2 	 1
41109816 	 14 	 21
1056168192 	 23 	 30
2715354959 	 21 	 25
31943911 	 9 	 5
545376677 	 83 	 0
1467399132 	 10 	 8
189631008 	 1 	 0
2764709561 	 18 	 88
39414741 	 10 	 26
3074422281 	 1 	 1
3011108529 	 0 	 1
70871291 	 3 	 29
2461374865 	 8 	 15
366035924 	 34 	 49
2937775596 	 0 	 9
3028302445 	 20 	 29
91373188 	 12 	 15
270474498 	 1 	 12
457706466 	 14 	 31
1628451325 	 1 	 0
1097261840 	 11 	 18
2987744464 	 73 	 41
705553072 	 105 	 247
2836473335 	 171 	 473
2400168135 	 18 	 28
32780064 	 5 	 34
1683397303 	 3 	 5
1308959010 	 1 	 1
2715333104 	 34 	 0
2930323604 	 1 	 1
1852869698 	 1 	 1
1406309394 	 68 	 71
2994767662 	 0 	 29
3012703539 	 2 	 11
2615278179 	 2681 	 381
2855192379 	 8 	 18
1121049320 	 3 	 23
213037272 	 73 	 60
3011589326 	 1 	 1
1620469022 	 15 	 8
910784275 	 3 	 3
2234796254 	 7 	 16
2559740585 	 19 	 43
320950424 	 47 	 53
464146062 	 153 	 74
2776291506 	 29 	 15
2380971270 	 1 	 0
1665579421 	 32 	 32
2845813648 	 344 	 233
3001638483 	 40 	 36
2956331206 	 7 	 11
450031659 	 1 	 0
1301425776 	 0 	 29
97263296 	 4 	 0
1148981760 	 30 	 19
2307597428 	 6 	 29
1321824992 	 11 	 18
2365463627 	 0 	 8
327089688 	 2 	 57
550525051 	 1 	 7
2153387948 	 26 	 7
2874657915 	 3 	 26
2549259533 	 4 	 0
2873231799 	 32 	 39
830099052 	 7 	 10
1241784547 	 7 	 2
3033499952 	 3 	 11
2716218687 	 0 	 1
2927394968 	 6 	 6
3000221065 	 1 	 2
2901655468 	 7 	 1
64836760 	 4 	 2
3105500836 	 2 	 4
2807763199 	 4 	 0
539608375 	 15 	 21
948719917 	 114 	 142
2413179710 	 178 	 0
3025618571 	 15 	 14
1512243644 	 0 	 1
818317272 	 5 	 14
1696658035 	 0 	 3
2932694680 	 0 	 1
1090278656 	 6 	 14
2516482212 	 0 	 4
1021243860 	 4 	 4
1314492812 	 14 	 6
2739545883 	 0 	 1
859486016 	 71 	 0
3072289255 	 1 	 0
626680694 	 26 	 77
2474443172 	 9 	 24
2980753563 	 1 	 12
466832778 	 32 	 28
374751288 	 18 	 12
1315460544 	 0 	 6
1433319247 	 2 	 6
2154702807 	 17 	 8
743271156 	 4 	 1
395239132 	 4 	 5
2974338520 	 21 	 129
2708037326 	 4 	 6
1033066388 	 2 	 0
760427275 	 1 	 0
2995042831 	 3 	 4
2318272712 	 0 	 1
55087927 	 11 	 0
2441931526 	 0 	 1
636419927 	 0 	 2
2756662102 	 6 	 11
1535578224 	 21 	 25
623101932 	 0 	 10
2519450447 	 4 	 18
386231660 	 1 	 0
1117334162 	 7 	 18
264942224 	 0 	 6
858319554 	 0 	 5
1321057975 	 0 	 2
2982959775 	 23 	 26
79814635 	 1 	 0
567237377 	 8 	 4
2165467287 	 31 	 32
1263610592 	 30 	 28
1649085439 	 3 	 4
2814650182 	 22 	 67
2961120382 	 2 	 9
576714077 	 9 	 0
2789955707 	 0 	 2
2439511117 	 2 	 0
1259687978 	 1 	 1
2479006580 	 141 	 251
996552967 	 76 	 48
527573727 	 104 	 59
2694244574 	 9 	 9
2602455770 	 21 	 0
21700435 	 466 	 25
2540314239 	 69 	 51
3050690738 	 0 	 1
802098926 	 2 	 1
2932340903 	 0 	 1
116799843 	 3 	 0
366337022 	 9 	 6
2861018188 	 195 	 195
284051147 	 0 	 6
2914690323 	 17 	 28
2961453587 	 321 	 0
2807490858 	 306 	 477
263159222 	 2 	 14
1674065593 	 5 	 3
633529974 	 7 	 8
30910568 	 8 	 29
3028187520 	 4 	 2
1206089786 	 2 	 5
432644683 	 2 	 0
1239793981 	 116 	 18
2951748430 	 1 	 0
593386144 	 12 	 10
2284385271 	 8 	 60
2758726193 	 8 	 7
204346522 	 22 	 25
2712980795 	 0 	 11
2790877298 	 79 	 106
2605327618 	 2 	 15
2957381572 	 2 	 7
509491885 	 3 	 0
1289001866 	 0 	 1
2943127409 	 5 	 2
19387021 	 232 	 315
1425777469 	 1 	 8
2911947361 	 9 	 14
2396146126 	 72 	 79
3010619555 	 22 	 19
43503799 	 9 	 0
233048570 	 8 	 3
2376562633 	 0 	 4
2741700639 	 50 	 240
149810493 	 4 	 1
3077882231 	 0 	 1
881239328 	 0 	 2
2764908505 	 1 	 2
985189064 	 1 	 1
179155285 	 0 	 4
567637435 	 1 	 1
561248539 	 17 	 30
1449754903 	 1 	 9
897333290 	 4 	 7
594231713 	 3 	 5
2741194745 	 33 	 31
2979072891 	 58 	 74
2468190746 	 130 	 164
709564512 	 4 	 1
2480770015 	 1 	 0
865011199 	 7 	 3
2939795662 	 0 	 3
1217286588 	 114 	 24
3030040176 	 1 	 1
2763424786 	 30 	 34
2908223273 	 28 	 0
1683126660 	 58 	 94
598891959 	 5 	 0
2932106874 	 1 	 8
859676772 	 51 	 55
3054820614 	 1 	 1
2783333595 	 17 	 7
2905070327 	 3 	 4
988028138 	 3 	 4
2983027897 	 24 	 33
1596795278 	 7 	 13
605200816 	 11 	 11
2364290394 	 0 	 2
2787343407 	 1 	 0
1782064098 	 0 	 3
115525032 	 2 	 0
594663412 	 1 	 39
40100797 	 1 	 0
1166435942 	 2 	 0
87349614 	 4 	 6
2269848530 	 11 	 12
1599343488 	 2 	 1
2237058187 	 1 	 0
2821979290 	 0 	 2
1452325201 	 24 	 33
1060558130 	 423 	 332
30015139 	 101 	 71
1368602598 	 91 	 130
2808572975 	 1 	 5
256726439 	 1 	 1
2637565175 	 2 	 3
1971851532 	 0 	 3
2460580097 	 3 	 1
2865167362 	 0 	 1
2502298979 	 64 	 64
2728176831 	 4 	 3
2924306663 	 3 	 4
2964393521 	 1 	 1
2236187530 	 2 	 5
3060131102 	 3 	 2
22705579 	 2 	 3
2966557762 	 4 	 8
2509174014 	 1 	 0
28805729 	 18 	 8
3041122660 	 8 	 10
2884711825 	 3 	 7
2612812903 	 3 	 3
2953825694 	 95 	 0
2923933541 	 20 	 30
2679608015 	 1 	 1
2827352659 	 0 	 1
2987443080 	 0 	 2
3008639314 	 1 	 3
2717824730 	 13 	 17
83822809 	 1 	 1
1064267425 	 75 	 112
2227759994 	 8 	 15
2161314089 	 82 	 84
743882666 	 1 	 1
2335013738 	 0 	 3
2287088478 	 0 	 3
1167575689 	 10 	 12
2993106423 	 0 	 1
3086993586 	 1 	 0
1024726543 	 3 	 12
2950167099 	 0 	 2
1129044295 	 7 	 5
2898239799 	 0 	 1
2829637638 	 18 	 32
2646311149 	 4 	 14
182674933 	 143 	 187
2288877212 	 9 	 12
2956493260 	 0 	 1
2558590556 	 1 	 1
3048571396 	 48 	 38
485823707 	 3 	 0
2567197803 	 61 	 15
2989291950 	 53 	 61
2917958552 	 0 	 3
1317086222 	 0 	 1
2432197028 	 13 	 27
2366143089 	 6 	 0
3096601834 	 4 	 4
2323022100 	 7 	 7
2984120243 	 21 	 0
2955822062 	 10 	 28
2584657217 	 119 	 122
2168693955 	 11 	 23
2564279666 	 17 	 22
2712118394 	 1 	 7
2572302488 	 0 	 1
2888051150 	 5 	 4
482095157 	 144 	 111
2411867347 	 0 	 2
2969032581 	 4 	 17
1863509101 	 103 	 0
3057804244 	 4 	 0
456688009 	 12 	 0
610708309 	 13 	 33
2891295326 	 0 	 9
955040208 	 11 	 47
2998186749 	 2 	 2
920694018 	 0 	 81
2532816409 	 60 	 28
18382169 	 24 	 2
2952613140 	 0 	 1
2176769392 	 5 	 0
2902992522 	 182 	 116
1733116850 	 9 	 10
1342191559 	 3 	 1
977560339 	 514 	 56
1423814310 	 0 	 1
1110287659 	 68 	 248
2904020714 	 326 	 278
2746905999 	 6 	 25
2943503850 	 11 	 14
190146107 	 17 	 2
2427673314 	 4 	 99
46438405 	 6 	 7
955619390 	 1 	 8
2752477227 	 24 	 5
6368312 	 0 	 1
703615394 	 25 	 14
44145732 	 16 	 0
892253845 	 0 	 8
1075981693 	 0 	 18
2768998264 	 5 	 13
2881547421 	 3 	 6
388209172 	 5 	 33
1270617889 	 2 	 2
1584849403 	 3 	 0
2705435149 	 43 	 34
539887811 	 121 	 88
2850900700 	 13 	 0
2976309545 	 0 	 1
131224207 	 5 	 14
2205063006 	 28 	 32
1235129426 	 0 	 1
2290182531 	 0 	 5
2409406872 	 2 	 1
46602991 	 37 	 20
48444015 	 0 	 15
2425988252 	 3 	 6
1460771370 	 49 	 69
2877301240 	 5 	 6
25827908 	 2 	 10
593681140 	 16 	 4
19881665 	 4 	 2
83339474 	 110 	 0
1303445354 	 1 	 15
568803502 	 0 	 1
1140918398 	 49 	 81
3028424862 	 2 	 16
51921213 	 0 	 1
2350818602 	 0 	 2
2922391990 	 14 	 17
423116142 	 10 	 9
101077268 	 337 	 81
2845921043 	 44 	 64
2792733813 	 3 	 1
1377506983 	 22 	 28
1217755970 	 19 	 40
3040234419 	 1 	 1
2657362720 	 95 	 39
236606692 	 20 	 56
3064596995 	 4 	 2
2786847964 	 3 	 1
622090858 	 930 	 174
2472443659 	 0 	 1
2374501709 	 7 	 0
2235438835 	 5 	 36
2979296374 	 17 	 21
1615762964 	 8 	 15
2923882366 	 7 	 12
1034832678 	 14 	 35
803303162 	 24 	 52
2477823223 	 12 	 48
2400869019 	 5 	 15
608751123 	 20 	 40
2955892593 	 5 	 6
1388295048 	 9 	 12
71042562 	 32 	 33
2984058743 	 7 	 16
272188207 	 69 	 28
2251095990 	 1 	 2
1128982886 	 0 	 2
2755648269 	 7 	 6
2208456187 	 0 	 4
890103900 	 9 	 0
2716964123 	 2 	 4
1147275906 	 3 	 2
544226942 	 15 	 67
2434843967 	 2 	 0
2783777236 	 9 	 9
2177260978 	 8 	 0
1083554514 	 17 	 18
2788116489 	 3 	 82
935324653 	 4 	 6
493752569 	 9 	 20
2925851486 	 21 	 20
1186389506 	 1 	 9
2911385694 	 1 	 0
24206799 	 34 	 79
2309138781 	 14 	 26
24959879 	 12 	 4
62662949 	 6 	 0
3030628377 	 2 	 12
973810327 	 3 	 13
2984232474 	 26 	 25
1649415374 	 2 	 3
414595495 	 30 	 41
2983049847 	 0 	 18
3079487386 	 7 	 8
2894354108 	 3 	 0
2475777150 	 7 	 4
2950739739 	 1 	 5
1120292382 	 0 	 8
2293663974 	 14 	 45
2985532282 	 90 	 137
1408834315 	 7 	 8
2971393186 	 129 	 121
3068728897 	 2 	 3
2163234371 	 43 	 54
2575502369 	 5 	 17
2334305419 	 2 	 3
2889441993 	 6 	 0
1765713824 	 0 	 1
81738522 	 2 	 2
14976640 	 1 	 11
513468982 	 0 	 3
2267054235 	 2 	 2
296598865 	 0 	 7
2308781041 	 58 	 0
2441784416 	 4 	 8
1211984180 	 0 	 4
2865199754 	 1 	 4
2894573119 	 0 	 6
728483196 	 0 	 5
2362973683 	 6 	 9
2603222124 	 0 	 1
2743170844 	 0 	 5
705516070 	 34 	 63
2746292548 	 1 	 0
2951925615 	 54 	 97
2924870174 	 68 	 24
1117003928 	 1 	 11
1238217276 	 1 	 0
2858134504 	 68 	 185
2856199634 	 125 	 205
158461099 	 54 	 77
870347958 	 0 	 1
2268796365 	 12 	 11
3053655701 	 0 	 2
437206960 	 34 	 22
2719198433 	 7 	 19
1216494108 	 0 	 3
1603999099 	 0 	 2
2353386604 	 21 	 26
3053672632 	 1 	 1
632418591 	 13 	 5
2838083302 	 17 	 91
2772415551 	 0 	 2
578381354 	 17 	 11
1295961612 	 0 	 8
2343580172 	 9 	 9
2842688854 	 1 	 3
2378751593 	 2 	 9
2895073197 	 4 	 34
2194843856 	 38 	 7
3063325095 	 6 	 11
2582301506 	 0 	 1
2981914066 	 282 	 68
1541250805 	 121 	 70
2870047842 	 0 	 3
175088963 	 0 	 43
939325326 	 0 	 6
2250821532 	 610 	 0
2377617583 	 3 	 25
123056010 	 0 	 1
2998020983 	 1 	 0
2932045434 	 0 	 16
2989857323 	 3 	 5
2850012641 	 2 	 2
364623318 	 63 	 35
579278907 	 68 	 59
2925056974 	 0 	 5
2308652675 	 1 	 0
377887495 	 0 	 2
1442024737 	 11 	 19
2827728526 	 7 	 7
2540796536 	 2 	 1
3012786118 	 0 	 2
2742354465 	 1 	 0
946875966 	 445 	 314
3109717200 	 12 	 13
2891807243 	 0 	 4
1899011821 	 1 	 3
434238072 	 10 	 5
1538276724 	 0 	 56
1505158285 	 4 	 6
2845225180 	 41 	 50
2725103458 	 53 	 41
2438249940 	 5 	 15
2975526472 	 1 	 0
339743045 	 1 	 1
1953779442 	 3 	 0
2882836510 	 313 	 0
2698060667 	 7 	 36
495800640 	 0 	 1
2885307757 	 17 	 35
324466317 	 13 	 18
2437369184 	 10 	 6
2892577345 	 14 	 15
27830397 	 0 	 1
2876871302 	 1 	 7
2433561336 	 1 	 6
2815938128 	 2 	 0
429191811 	 35 	 24
2753898688 	 11 	 16
889758734 	 4 	 2
2885555469 	 12 	 28
790149096 	 2 	 3
3043485796 	 20 	 11
3000526680 	 18 	 18
2537301575 	 15 	 21
2891368645 	 3 	 9
3012714053 	 5 	 3
2962670272 	 4 	 17
609710788 	 1 	 0
2765119292 	 10 	 11
2186470431 	 3 	 0
257993878 	 59 	 6
2953168387 	 18 	 83
3065547426 	 18 	 0
2973970414 	 0 	 24
3021127777 	 7 	 2
766942764 	 20 	 17
3059301646 	 2 	 2
2650839070 	 22 	 35
597104420 	 382 	 11
3069120335 	 10 	 20
2909646731 	 28 	 35
278968450 	 4 	 13
2291168902 	 8 	 41
2950223127 	 1 	 2
313856396 	 0 	 2
2722801912 	 5 	 16
241996992 	 2 	 56
1331106440 	 8 	 177
2341284986 	 53 	 68
1554210486 	 8 	 18
554149794 	 60 	 15
2658396096 	 2 	 7
928063964 	 0 	 2
2496886340 	 1 	 2
2712111883 	 1 	 0
481456137 	 0 	 8
2904828175 	 6 	 7
1976965368 	 3 	 0
974346132 	 0 	 4
2954283799 	 0 	 5
1598801928 	 167 	 153
529448861 	 3 	 79
2398292301 	 4 	 1
3050024833 	 71 	 151
2867785556 	 103 	 155
1335111212 	 1 	 6
2287946136 	 0 	 15
2949371700 	 44 	 144
1663234574 	 98 	 132
2584491666 	 16 	 8
149698476 	 3 	 2
1400003312 	 1 	 2
2734291823 	 728 	 123
2602984911 	 6 	 7
2237826651 	 6 	 9
585798312 	 7 	 16
1258836690 	 2 	 4
968919398 	 0 	 2
2939104077 	 22 	 0
2861890906 	 1 	 0
1897550438 	 115 	 140
116355157 	 40 	 323
569228641 	 9 	 0
2930453675 	 11 	 0
1360647769 	 2 	 0
2325447492 	 0 	 7
1199537131 	 8 	 70
620916789 	 5 	 8
2885218150 	 3 	 3
109672792 	 3 	 1
1586355018 	 31 	 18
1656258320 	 359 	 311
2908753989 	 20 	 18
2996829107 	 1 	 4
3021779807 	 0 	 2
1380688105 	 1 	 0
1892186394 	 0 	 1
1085640698 	 0 	 5
1471191422 	 1 	 8
73270457 	 54 	 31
1583593302 	 1 	 2
2410880032 	 390 	 536
453265308 	 2 	 12
2354089069 	 5 	 5
1324449997 	 1 	 3
573178253 	 183 	 44
2926774899 	 1 	 14
19741778 	 10 	 28
2937793028 	 0 	 2
1035787441 	 8 	 19
1127197028 	 8 	 5
2889466734 	 64 	 78
338520637 	 11 	 14
1203078194 	 60 	 76
2654661861 	 90 	 296
2998626730 	 112 	 233
1852583912 	 1 	 0
2255496499 	 0 	 1
3011750010 	 0 	 3
2743318821 	 1 	 0
3048664383 	 5 	 4
3076572248 	 3 	 4
2897898362 	 1 	 0
172561792 	 0 	 3
1921266456 	 2 	 26
2889356882 	 1 	 1
21128334 	 2 	 0
2389859690 	 0 	 1
801031789 	 102 	 45
2721416001 	 0 	 2
2530016903 	 1 	 0
1202147263 	 4 	 0
2299077498 	 2 	 6
2791520634 	 9 	 0
2457502381 	 1 	 2
2987169382 	 99 	 112
575613287 	 7 	 3
1942941300 	 15 	 11
3027341596 	 100 	 0
518335800 	 38 	 85
713475560 	 1 	 16
55911465 	 0 	 3
2692270756 	 10 	 19
1192154400 	 1 	 1
1110190694 	 83 	 40
3073873364 	 13 	 2
2861617391 	 27 	 35
14807206 	 0 	 20
1643977741 	 85 	 29
1403294509 	 0 	 1
1458425328 	 0 	 9
2984530678 	 6 	 6
2894998068 	 65 	 35
2996711297 	 13 	 21
192576351 	 7 	 58
2641062305 	 2 	 17
501171492 	 4 	 36
1187181708 	 0 	 11
2932613782 	 0 	 1
3077429090 	 1 	 1
1319203380 	 2 	 23
545317429 	 11 	 26
328861445 	 1 	 0
2558184010 	 15 	 0
1077682945 	 2 	 2
2259687613 	 1 	 5
1225239619 	 4 	 0
1590216961 	 17 	 12
14275129 	 6 	 0
547046862 	 1 	 3
2274761524 	 7 	 6
2553364668 	 101 	 17
367291633 	 0 	 8
1067392194 	 546 	 454
627401371 	 22 	 31
308423222 	 2 	 6
2731552773 	 13 	 25
2384717737 	 2 	 1
3070629280 	 13 	 15
2917055323 	 1 	 18
370859285 	 1 	 5
3109827310 	 0 	 1
2490513440 	 1 	 0
127548942 	 1 	 1
2531985461 	 0 	 2
2992448810 	 0 	 1
2998008581 	 1 	 0
1300032764 	 2 	 5
933327782 	 4 	 3
2762127413 	 0 	 1
94458238 	 7 	 0
618222919 	 4 	 0
1549578572 	 1 	 12
18961764 	 11 	 61
2445712424 	 21 	 19
2548897788 	 34 	 66
2181114463 	 0 	 1
47926059 	 14 	 21
2799400473 	 0 	 1
2834854996 	 4 	 8
433007443 	 72 	 107
2872752779 	 86 	 653
2725417739 	 9 	 9
2657309905 	 7 	 7
2899218675 	 2 	 12
569194360 	 0 	 2
2704752345 	 1 	 1
3116428959 	 9 	 6
253012343 	 4 	 0
2151589250 	 0 	 2
533615576 	 0 	 1
2391292164 	 10 	 6
2541263127 	 1 	 1
2617880745 	 2 	 6
764262036 	 21 	 17
2840709202 	 1 	 4
19646012 	 2 	 1
2879920904 	 13 	 16
496703327 	 61 	 120
488473170 	 0 	 12
2918056961 	 6 	 0
922341182 	 205 	 68
601036099 	 0 	 1
2235639484 	 0 	 1
2252234982 	 19 	 36
363040012 	 10 	 15
2263277981 	 8 	 63
406141906 	 1 	 2
1458970754 	 3 	 6
2984894812 	 2 	 5
907991706 	 0 	 1
2322173464 	 0 	 4
3072100415 	 23 	 18
1603871628 	 0 	 31
802389367 	 0 	 1
2604295345 	 41 	 50
702081096 	 0 	 1
847802946 	 1 	 5
2365779632 	 55 	 76
3004148070 	 0 	 3
598871466 	 0 	 8
948230108 	 1 	 1
507947670 	 3 	 23
2419541310 	 53 	 62
942624625 	 1 	 0
28491592 	 460 	 301
2575082873 	 55 	 62
915357151 	 0 	 10
832602865 	 0 	 1
952724527 	 1 	 20
2179035822 	 1 	 1
2953407759 	 7 	 6
2522307898 	 17 	 31
2752197573 	 9 	 11
3085278174 	 1 	 0
1939662222 	 1 	 0
3028057053 	 0 	 1
1564144423 	 2 	 2
2349775207 	 10 	 12
2820582096 	 0 	 4
3009534506 	 1 	 6
2957904975 	 4 	 4
2763281998 	 13 	 59
1438427592 	 1 	 1
975284562 	 0 	 17
2884618667 	 0 	 1
1472649606 	 1 	 0
763937342 	 16 	 13
2860208794 	 269 	 233
502106315 	 65 	 25
2945095611 	 1 	 1
1039010708 	 11 	 4
2950543817 	 34 	 59
1969336764 	 12 	 0
42401442 	 1 	 2
2973762415 	 0 	 1
2576957810 	 42 	 41
2984971261 	 0 	 2
62555198 	 1 	 0
2884853789 	 1 	 3
1013799096 	 0 	 6
1409284969 	 2 	 7
1592617801 	 16 	 45
587900974 	 13 	 26
277953160 	 56 	 33
3091222975 	 0 	 4
2391837053 	 0 	 6
3129900856 	 1 	 3
3044313714 	 3 	 4
2981498103 	 1 	 1
2732728055 	 7 	 4
3075014609 	 6 	 9
2313806738 	 1 	 7
149135332 	 7 	 8
464521457 	 95 	 148
552432499 	 20 	 32
3052560219 	 24 	 22
195805881 	 1 	 2
746544552 	 1 	 3
3051169684 	 28 	 41
1912459854 	 3 	 2
241751541 	 0 	 2
2897807198 	 1 	 0
1478634536 	 2 	 5
2870778127 	 2 	 7
2954338394 	 1 	 3
1754065898 	 9 	 19
963309410 	 0 	 19
3070624289 	 1 	 8
3083033985 	 13 	 13
2361997332 	 0 	 2
2567873558 	 2 	 0
2729330285 	 1 	 11
1636562966 	 0 	 4
1266052891 	 13 	 22
33914340 	 3 	 0
582751383 	 2 	 0
619577202 	 119 	 166
2380360494 	 4 	 2
255527301 	 1 	 0
253009958 	 4 	 0
2570562251 	 3 	 3
2989114561 	 7 	 7
2861245030 	 4 	 9
3044774329 	 20 	 25
112622989 	 2 	 10
2646478416 	 3 	 0
2972744225 	 2 	 4
700248607 	 2 	 4
2601848857 	 1 	 0
2890371373 	 14 	 0
3075609616 	 0 	 2
2990367667 	 13 	 20
554077713 	 0 	 3
2372832403 	 27 	 0
1193548848 	 3 	 2
408777286 	 1 	 2
1334734910 	 2 	 3
2747703516 	 0 	 5
1397366298 	 1 	 0
2923637891 	 0 	 3
3018380073 	 30 	 28
1058372076 	 1 	 3
490770414 	 0 	 4
2282119584 	 20 	 30
2682694812 	 5 	 3
2975205333 	 1 	 0
62830665 	 0 	 1
1372855423 	 25 	 21
295072443 	 21 	 150
37936484 	 3 	 7
1515890040 	 275 	 35
1191694123 	 0 	 2
2178212464 	 0 	 2
40152815 	 2 	 0
343728852 	 0 	 39
3005869524 	 10 	 30
553637966 	 36 	 79
1416454134 	 44 	 43
1405586342 	 28 	 60
1077349939 	 0 	 1
1176950425 	 0 	 20
1586861480 	 10 	 3
2921222518 	 38 	 49
2807136372 	 0 	 1
393887721 	 223 	 70
937047793 	 14 	 31
2719502522 	 0 	 4
1620008569 	 495 	 336
2658511304 	 34 	 68
1520804028 	 2 	 4
560460244 	 2 	 4
1025647826 	 2 	 9
2832623831 	 0 	 1
994443547 	 5 	 22
2724521123 	 12 	 0
41184309 	 10 	 7
2182281049 	 0 	 4
123649804 	 35 	 34
1332276794 	 16 	 24
2959307044 	 4 	 4
1507770649 	 11 	 0
17694567 	 4 	 9
435449948 	 18 	 2
3068751061 	 2 	 0
1025588635 	 4 	 25
2322292529 	 2 	 1
80183577 	 2 	 22
61650284 	 107 	 296
432974514 	 4 	 12
2993353912 	 0 	 1
2556782974 	 4 	 5
2986495236 	 5 	 4
36199875 	 2 	 6
474277473 	 1 	 9
1885094101 	 6 	 5
2827704129 	 2 	 0
707194689 	 0 	 1
462483794 	 20 	 62
808017410 	 10 	 14
388353254 	 23 	 25
2712887604 	 6 	 0
2500778971 	 12 	 17
837465980 	 9 	 5
3123924813 	 27 	 33
740980944 	 38 	 33
1041763136 	 6 	 12
15868533 	 14 	 31
2576212789 	 2 	 5
1485742580 	 4 	 0
3010454595 	 0 	 2
591670905 	 3 	 3
2314033626 	 7 	 6
2324821256 	 11 	 9
2898794243 	 1 	 2
2354058392 	 12 	 4
2661016089 	 122 	 161
3087313988 	 0 	 1
529789032 	 1 	 11
459623780 	 51 	 254
2881928495 	 37 	 57
173797525 	 3 	 7
2859103356 	 18 	 1
2609428288 	 9 	 15
127984041 	 2 	 3
1741597046 	 61 	 0
2178674953 	 0 	 3
611755180 	 106 	 58
2972423823 	 2 	 0
2771521739 	 1 	 2
1157363378 	 14 	 39
2975516276 	 16 	 42
853390160 	 47 	 60
950947550 	 0 	 2
3053099334 	 30 	 1
1424051732 	 2 	 5
1395050252 	 25 	 43
2349988914 	 7 	 6
1971622664 	 24 	 12
2934060434 	 2 	 2
2979232222 	 3 	 1
1067121188 	 1 	 0
2943363806 	 2 	 12
1265254652 	 1 	 1
2975765075 	 21 	 58
35061561 	 30 	 4
2819802719 	 1 	 2
2483029075 	 0 	 1
1112009077 	 1 	 4
2644913007 	 1 	 1
2868036681 	 3 	 0
579137978 	 3 	 4
2971357450 	 0 	 1
590138958 	 8 	 6
1457150856 	 0 	 1
3064801061 	 3 	 27
3108660478 	 3 	 6
136034513 	 94 	 6
2998150961 	 5 	 5
2347737666 	 1 	 0
216656120 	 1 	 10
3070665718 	 67 	 92
1607598080 	 121 	 0
2664781184 	 1 	 1
1663914260 	 1 	 8
421304184 	 0 	 6
2200644330 	 1 	 0
1363812788 	 2 	 3
2610029883 	 0 	 4
1691940890 	 0 	 1
2977677568 	 0 	 2
21752467 	 1 	 0
2913204921 	 41 	 62
2233714086 	 0 	 4
2850300405 	 75 	 155
3007517876 	 102 	 172
19862538 	 149 	 42
2455729694 	 45 	 27
2917831436 	 1 	 2
1200173359 	 32 	 188
2395460965 	 1 	 0
145382385 	 13 	 13
3031519894 	 273 	 340
2896141499 	 20 	 11
628885051 	 47 	 73
2604178994 	 2 	 2
2254131836 	 10 	 8
2407898978 	 2 	 1
1428907604 	 11 	 16
2959888025 	 1 	 4
621406322 	 0 	 1
728354640 	 59 	 73
1048901053 	 1 	 1
2904193869 	 5 	 6
726763789 	 1 	 51
2959681367 	 7 	 6
606139263 	 2 	 4
422917241 	 1 	 8
85462411 	 0 	 1
2792951701 	 0 	 1
539685110 	 0 	 5
606014371 	 40 	 64
1700785351 	 7 	 21
149910763 	 5 	 11
2431259011 	 1 	 1
2886127198 	 2 	 1
2162753315 	 19 	 30
2320332542 	 84 	 203
2608657308 	 1 	 8
2993743426 	 25 	 23
2527887872 	 1 	 0
2445983213 	 0 	 11
2873150388 	 13 	 22
115117283 	 46 	 14
1319386525 	 3 	 17
941854976 	 17 	 31
240864176 	 0 	 1
1001990587 	 0 	 1
1423861188 	 30 	 56
2613684390 	 3 	 0
2701731450 	 3 	 2
2978604163 	 1 	 1
3056452432 	 36 	 52
337979880 	 0 	 62
2370337469 	 2 	 0
2919256801 	 2 	 2
2553052320 	 13 	 8
2218388179 	 2 	 23
2755886809 	 30 	 31
2507658785 	 193 	 105
2859604215 	 5 	 2
2840389825 	 22 	 15
2713099167 	 0 	 1
3024527566 	 5 	 8
2379545004 	 39 	 71
3030266500 	 15 	 10
27117857 	 2 	 0
1329931573 	 142 	 41
706637492 	 4 	 3
1164680960 	 5 	 27
1330118180 	 1 	 4
933134821 	 2 	 14
3027513211 	 0 	 3
1668509580 	 1 	 0
723389497 	 20 	 17
2665492509 	 1 	 3
1065871063 	 5 	 5
3097023877 	 0 	 8
1137467436 	 13 	 44
2616033411 	 64 	 61
2230929013 	 0 	 1
3096403509 	 2 	 5
2508883367 	 17 	 49
2972257156 	 9 	 4
520887684 	 1 	 1
2956952202 	 137 	 0
3015823596 	 20 	 0
520667211 	 9 	 9
239642942 	 2 	 0
2243886443 	 14 	 12
3016195534 	 2 	 0
2613151204 	 5 	 9
2254600782 	 18 	 12
1170075235 	 39 	 44
1244908891 	 11 	 17
1000872403 	 15 	 17
2999589333 	 23 	 50
150087139 	 3 	 0
554595598 	 0 	 2
2915296484 	 11 	 10
2960828158 	 2 	 0
3000338022 	 56 	 69
3086080178 	 64 	 81
1546705356 	 1 	 6
2966794763 	 0 	 1
820137200 	 11 	 3
131047103 	 8 	 5
1644101102 	 0 	 1
2738989894 	 2 	 1
1550870298 	 0 	 1
2650353325 	 7 	 4
3041917906 	 4 	 2
2966228541 	 68 	 271
2684238870 	 1 	 3
1521629156 	 0 	 2
1317804294 	 6 	 11
767818098 	 0 	 1
2550770106 	 1 	 0
3060325073 	 97 	 0
2970923751 	 30 	 61
2356264878 	 0 	 1
2455329726 	 0 	 3
1562508127 	 15 	 13
1452813307 	 1128 	 766
2555942490 	 3 	 0
1478025571 	 16 	 79
16535615 	 1 	 0
52119137 	 1 	 0
2835331248 	 2 	 2
875816503 	 2 	 2
2903331591 	 2 	 0
2940639196 	 2 	 10
2439449652 	 0 	 1
2959223797 	 0 	 1
1924664732 	 3 	 8
281259139 	 0 	 1
166731381 	 19 	 40
1973107178 	 345 	 336
2784961566 	 7 	 85
3068449431 	 12 	 0
1581591648 	 37 	 39
2772727606 	 0 	 1
586982939 	 1 	 11
2981614130 	 49 	 108
3019149156 	 4 	 9
2914784997 	 5 	 10
3008628331 	 7 	 0
1909778269 	 1 	 3
3095339662 	 0 	 2
2680565610 	 1 	 3
2216479524 	 2 	 3
2808468384 	 2 	 0
2324353219 	 4 	 12
2924615670 	 4 	 0
1038449161 	 1 	 5
2253512471 	 8 	 31
325208383 	 2 	 4
39358200 	 1 	 17
1092937046 	 5 	 31
3086121490 	 17 	 7
2865648505 	 162 	 125
2181777332 	 123 	 176
2386355011 	 17 	 0
1385482496 	 67 	 161
419946398 	 0 	 1
1439402832 	 0 	 1
219326020 	 37 	 35
815690828 	 1 	 2
3040260498 	 1 	 5
556280482 	 66 	 28
2645968750 	 6 	 4
2997558943 	 66 	 88
2419868007 	 0 	 1
967291904 	 1 	 1
2284568612 	 10 	 1
599777096 	 1 	 44
763256432 	 61 	 31
2492448252 	 88 	 83
1239849062 	 0 	 2
1434182478 	 2 	 0
187718636 	 0 	 8
1597573207 	 16 	 20
2724135255 	 2 	 1
3007665756 	 0 	 1
2936658405 	 5 	 25
2983501405 	 2 	 1
280561901 	 2 	 1
2896955844 	 5 	 7
2956349634 	 20 	 21
2910221723 	 23 	 20
2307466244 	 1 	 4
770767902 	 21 	 0
1923586422 	 6 	 9
43358343 	 1 	 0
1761197480 	 1 	 1
436207450 	 52 	 80
2928461607 	 0 	 4
372790885 	 4 	 35
2786430847 	 4 	 43
2747091471 	 41 	 46
2570833416 	 1 	 4
2320725059 	 0 	 2
2891161095 	 16 	 12
2381936574 	 1 	 3
540535608 	 9 	 21
1601814488 	 1 	 20
549217987 	 1396 	 518
2725746562 	 1 	 1
2934384572 	 5 	 11
165447853 	 0 	 13
1305283580 	 3 	 7
1413938502 	 93 	 59
465746250 	 32 	 23
2206456980 	 12 	 29
2970000766 	 2 	 1
3042091006 	 4 	 5
887665700 	 2 	 2
2572789899 	 16 	 11
2874237391 	 789 	 880
2925223485 	 12 	 9
2832384698 	 56 	 65
3054095910 	 12 	 20
2643996897 	 11 	 17
2686915602 	 63 	 108
21275515 	 225 	 304
126055316 	 5 	 2
36607082 	 9 	 18
224851512 	 15 	 35
2719593329 	 0 	 3
323047565 	 1 	 15
3005288667 	 95 	 153
1689369469 	 14 	 31
728299806 	 4 	 7
456439564 	 70 	 64
989322360 	 8 	 3
2743743819 	 26 	 0
2283161868 	 0 	 1
2658797048 	 0 	 1
2395111018 	 252 	 190
884690821 	 62 	 114
2421657924 	 2 	 5
2980905383 	 0 	 1
2900026239 	 9 	 0
2358767018 	 1 	 0
2265058604 	 136 	 52
587618230 	 0 	 3
785767908 	 69 	 89
1969666314 	 1 	 1
1173779844 	 2 	 1
2934139968 	 3 	 10
995727528 	 4 	 0
3005736877 	 2 	 2
2743225625 	 8 	 9
2631755571 	 189 	 202
2967840015 	 38 	 101
1063771638 	 1 	 2
3026567187 	 32 	 18
2225338458 	 18 	 21
2907316207 	 19 	 54
2457471739 	 173 	 163
291298194 	 4 	 5
19730434 	 24 	 19
2960597542 	 1 	 2
17434239 	 53 	 38
781504950 	 57 	 35
79256129 	 0 	 1
293648296 	 4 	 11
2740294814 	 11 	 9
2290579451 	 72 	 22
1450254259 	 0 	 1
1895875501 	 11 	 47
253013806 	 5 	 0
1214271889 	 1 	 0
2423903229 	 84 	 123
2227097804 	 3 	 33
1375680643 	 6 	 6
878756952 	 10 	 55
1634097751 	 4 	 3
2781629009 	 9 	 18
2829992554 	 1 	 10
1626000211 	 75 	 62
2742091313 	 7 	 5
64814859 	 11 	 1
3048106387 	 2 	 2
2304461854 	 1 	 0
1635705836 	 3 	 0
2822296983 	 17 	 21
2800930941 	 3 	 2
2627171572 	 0 	 1
1328131272 	 4 	 8
2997253905 	 3 	 2
2575631906 	 2 	 4
2343957811 	 0 	 4
2831251992 	 4 	 4
1954606015 	 570 	 0
3010859096 	 13 	 16
2288823096 	 0 	 3
2782470592 	 66 	 148
1177558927 	 0 	 6
2766740987 	 1 	 1
306399236 	 1 	 1
198163617 	 1 	 0
1736098681 	 0 	 10
2945473634 	 2 	 0
2869615129 	 0 	 1
285356012 	 9 	 43
3043534246 	 0 	 1
2543905130 	 2 	 2
366846840 	 40 	 20
1554569036 	 0 	 42
1599381997 	 11 	 35
2206161174 	 3 	 2
854063125 	 93 	 22
3047117709 	 1 	 2
2839704442 	 3 	 1
891965124 	 1 	 0
411652759 	 24 	 49
1222881480 	 88 	 215
2974215221 	 1 	 5
1191642067 	 13 	 12
2581478338 	 5 	 7
3101145863 	 0 	 1
29069186 	 89 	 11
2891356461 	 5 	 2
428221134 	 72 	 5
479611872 	 1 	 4
2792531636 	 2 	 5
2984686714 	 0 	 3
136886238 	 3 	 6
1152496548 	 95 	 93
528303137 	 1 	 14
2935682311 	 6 	 3
252607098 	 2 	 0
2921509768 	 1 	 0
2908644802 	 9 	 22
848141580 	 2 	 0
1961621918 	 2 	 9
124215190 	 35 	 33
188835953 	 39 	 108
22275527 	 174 	 102
947855413 	 25 	 30
783000162 	 23 	 33
2784809499 	 8 	 0
2355581688 	 25 	 0
2170847762 	 1 	 3
1674850795 	 1 	 2
2757359025 	 0 	 1
2147512983 	 2 	 6
1062111559 	 739 	 609
29489368 	 0 	 6
2214937235 	 137 	 179
2367910295 	 0 	 1
1084607958 	 55 	 0
2992709270 	 9 	 10
1160510239 	 11 	 13
2775756486 	 25 	 35
739895509 	 7 	 11
2951458906 	 26 	 24
583009819 	 1 	 5
278255947 	 0 	 4
1468212530 	 0 	 1
1331599494 	 14 	 27
2451804318 	 0 	 1
2635799235 	 3 	 13
2737658517 	 1 	 6
1461274537 	 2 	 1
2982164515 	 1 	 10
2771505118 	 1 	 0
2716360940 	 2 	 4
356877952 	 22 	 11
135553566 	 62 	 74
1268626196 	 11 	 9
2833653334 	 5 	 0
2881095837 	 1 	 0
2872716493 	 1 	 0
1255649946 	 4 	 6
813005310 	 1 	 4
324549685 	 26 	 40
501971028 	 4 	 0
2305831380 	 1 	 4
2993841567 	 17 	 45
2439204830 	 1 	 6
609947049 	 177 	 74
579279665 	 11 	 2
1289977460 	 0 	 2
221701390 	 19 	 1
2710325050 	 36 	 58
2874319202 	 0 	 4
1455598650 	 19 	 40
2967198803 	 7 	 6
2556936956 	 328 	 349
2795213598 	 0 	 3
2155192119 	 2 	 15
1492569428 	 14 	 100
636119841 	 33 	 67
2569486099 	 156 	 48
873509359 	 50 	 31
2886089921 	 3 	 2
1021309363 	 2 	 8
2739635613 	 4 	 7
2539426612 	 11 	 35
2690892266 	 60 	 64
563025694 	 71 	 54
857673764 	 1 	 144
3129787019 	 2 	 3
1007075178 	 76 	 100
2850296243 	 6 	 4
501334654 	 56 	 12
2747064597 	 14 	 32
269115236 	 3 	 6
1712386170 	 0 	 3
1594774974 	 11 	 7
2847144125 	 54 	 116
1076617212 	 8 	 10
3049877026 	 4 	 5
2355655372 	 1387 	 378
1694866524 	 2 	 0
2795807813 	 211 	 311
1242430106 	 4 	 7
623081499 	 3 	 7
2728467617 	 1 	 5
106413418 	 0 	 2
2986435885 	 22 	 54
2889570100 	 0 	 10
2696728812 	 0 	 7
3060125786 	 14 	 68
2324986561 	 6 	 25
3069545230 	 4 	 14
1191561702 	 2 	 3
832193689 	 987 	 757
621579944 	 0 	 12
587782443 	 105 	 24
2801892514 	 1 	 0
2595889045 	 0 	 3
2156879654 	 2 	 1
1107595075 	 0 	 3
208428953 	 0 	 3
2276860150 	 1 	 0
2957466316 	 30 	 53
67256283 	 2 	 0
2389597658 	 2 	 2
2561469321 	 0 	 2
954861487 	 24 	 37
2750921411 	 0 	 2
20442545 	 1 	 1
2291695646 	 4 	 5
1567061137 	 2 	 17
1032964736 	 119 	 86
518983497 	 3 	 5
222791843 	 0 	 1
3017906828 	 3 	 5
1965508399 	 4 	 46
428481199 	 0 	 1
287030025 	 27 	 24
3008483010 	 6 	 16
1683668612 	 3 	 2
2985102366 	 7 	 12
3039444610 	 2 	 5
742145982 	 0 	 1
2387272225 	 9 	 9
1393510471 	 14 	 14
2158649002 	 7 	 15
71662669 	 21 	 13
901899878 	 2 	 2
2939654795 	 1 	 0
386988166 	 583 	 335
2848862894 	 6 	 2
2759195024 	 1 	 0
1216456543 	 7 	 3
2895181035 	 0 	 7
2865171617 	 6 	 5
2989083016 	 0 	 2
2649031446 	 157 	 40
134594299 	 1 	 1
2566146384 	 469 	 377
1621307221 	 0 	 31
1305428378 	 20 	 98
1257446070 	 6 	 89
2844615608 	 1 	 5
2857992616 	 1 	 28
2988434082 	 0 	 1
1173694116 	 2 	 1
2888167623 	 126 	 209
937670424 	 10 	 34
2942417504 	 2 	 0
2838349731 	 0 	 2
2588744497 	 6 	 4
2239691040 	 1 	 3
1309874803 	 0 	 1
2872592959 	 11 	 21
2662050363 	 27 	 18
2876983939 	 1 	 3
790889654 	 8 	 13
3048299234 	 2 	 5
3014406462 	 2 	 0
376485082 	 2 	 2
1488948696 	 30 	 53
704601463 	 2 	 13
1161436837 	 0 	 26
245017591 	 19 	 44
3053957882 	 17 	 48
1601930899 	 5 	 11
746889709 	 4 	 2
1616091150 	 0 	 1
1339966248 	 3 	 21
2266947140 	 0 	 9
469936713 	 63 	 39
920231154 	 523 	 669
2566080701 	 17 	 27
2884489675 	 0 	 9
58621011 	 3 	 0
2746976080 	 8 	 6
2979201065 	 5 	 5
1567488516 	 5 	 15
614280017 	 3 	 9
2998919746 	 1 	 5
19741858 	 22 	 6
18037144 	 2 	 6
2463973681 	 5 	 0
713054324 	 0 	 9
590822501 	 6 	 13
2358090388 	 4 	 18
1708267536 	 8 	 40
732066373 	 35 	 34
1703456167 	 3 	 4
404312203 	 5 	 0
2511043399 	 267 	 0
2553324991 	 1 	 3
2646711196 	 0 	 1
1215250068 	 72 	 63
234344257 	 0 	 1
2879198265 	 3 	 12
215598722 	 30 	 73
2606885751 	 463 	 28
174161365 	 13 	 39
1727976336 	 22 	 25
2541327975 	 19 	 17
3039474676 	 8 	 9
1315263583 	 7 	 0
2304473346 	 0 	 4
2760921472 	 10 	 31
2376312694 	 0 	 2
1965626888 	 46 	 530
480888630 	 0 	 5
1187516334 	 4 	 4
1155892759 	 1 	 0
3108589127 	 0 	 1
2890481691 	 17 	 162
139315604 	 0 	 1
1186622419 	 1 	 1
93902064 	 3 	 6
2842004310 	 69 	 91
3125494295 	 1 	 0
1447001018 	 5 	 3
1617151214 	 37 	 65
2391034678 	 0 	 5
19979717 	 3 	 2
1477998709 	 1 	 18
2641884589 	 0 	 6
2952677902 	 5 	 17
2872860544 	 3 	 2
369343803 	 33 	 317
1630695600 	 10 	 28
2769508222 	 2 	 13
2973619809 	 0 	 3
2717372529 	 0 	 1
816037032 	 4 	 6
3014521342 	 36 	 24
1021059422 	 2 	 3
3009903571 	 2 	 1
2522079100 	 2 	 2
2416403097 	 88 	 55
2198974326 	 41 	 56
1134540038 	 33 	 51
2233661895 	 13 	 43
872559733 	 1 	 0
2222528088 	 1 	 5
919556972 	 48 	 40
863377075 	 7 	 25
2815541726 	 20 	 17
572103841 	 307 	 104
2437949503 	 0 	 1
1620187610 	 11 	 10
2596216613 	 2 	 0
2894608984 	 0 	 16
3064376879 	 0 	 3
569555883 	 218 	 157
2166702318 	 3 	 25
2374352016 	 3 	 2
2571265373 	 3 	 0
983294473 	 19 	 5
546573570 	 0 	 13
2465570000 	 5 	 0
1587301711 	 5 	 3
2973649443 	 23 	 25
2183835127 	 0 	 12
1337194476 	 208 	 0
2763281153 	 1 	 5
2220676963 	 42 	 50
3010015509 	 1 	 1
2741918920 	 1 	 1
347646405 	 7 	 9
2529032093 	 137 	 221
1499025728 	 2 	 5
2295286060 	 2 	 2
2891155825 	 11 	 50
2773211062 	 2 	 4
2742854520 	 6 	 3
1341525272 	 12 	 15
3085357455 	 1 	 0
73203781 	 29 	 15
1835184529 	 1 	 4
2236894284 	 1 	 0
831819066 	 42 	 18
24210880 	 2 	 2
2407857128 	 5 	 5
1411151478 	 110 	 177
2931724060 	 6 	 5
2264701039 	 2 	 2
2945011295 	 5 	 7
52187110 	 1 	 0
3091557891 	 0 	 1
3015104218 	 0 	 2
2189666984 	 20 	 0
928429238 	 10 	 44
2889774099 	 3 	 9
1316745115 	 3 	 5
1152342518 	 4 	 1
3058035389 	 1 	 0
3057120736 	 0 	 3
2786424729 	 52 	 47
1072479366 	 0 	 1
2663623254 	 1 	 2
2871787100 	 29 	 29
3081161019 	 154 	 135
2332261381 	 55 	 94
1684278678 	 11 	 27
1421717480 	 0 	 10
2275410891 	 19 	 21
2875666281 	 0 	 1
2409393692 	 5 	 1
2799446350 	 3 	 53
2986495696 	 3 	 58
3041741483 	 0 	 1
125314125 	 2 	 0
2989100372 	 6 	 22
2723560952 	 8 	 2
410785563 	 6 	 19
112700457 	 2 	 6
2886575672 	 9 	 20
2438758123 	 1 	 1
3025789584 	 207 	 422
962659808 	 1 	 2
1485514836 	 9 	 27
2453721122 	 1 	 0
607717962 	 1 	 2
1113334656 	 1 	 0
413456469 	 17 	 12
38598206 	 1 	 0
925906249 	 27 	 25
69731049 	 0 	 3
2306446595 	 0 	 6
2771846357 	 42 	 87
3076709458 	 35 	 140
13544112 	 0 	 8
936905148 	 0 	 2
18718701 	 13 	 38
568065437 	 63 	 44
2962340182 	 15 	 17
1357801814 	 5 	 2
630798031 	 4 	 9
184918717 	 15 	 8
175793608 	 6 	 34
711430106 	 9 	 10
2857550152 	 6 	 0
2860922118 	 0 	 4
1423540405 	 1 	 0
2307236767 	 1 	 0
2275054562 	 6 	 0
158578564 	 1 	 2
1581851702 	 1 	 5
782881075 	 2 	 11
2283827611 	 1 	 0
3044296291 	 2 	 2
2953789606 	 4 	 9
1339621170 	 77 	 84
892493274 	 60 	 72
188391137 	 1 	 2
2522946086 	 72 	 63
54211204 	 6 	 0
3094968008 	 9 	 13
2153833606 	 2 	 3
1373627030 	 85 	 214
1885567122 	 1 	 1
1049258474 	 16 	 23
2457652208 	 6 	 8
2548680692 	 31 	 6
2746283171 	 7 	 11
2878223422 	 22 	 38
17794636 	 29 	 11
2952906388 	 2 	 7
2886393587 	 1 	 3
101814026 	 58 	 42
1203099109 	 22 	 13
360850455 	 49 	 65
2596071321 	 3 	 1
2931923772 	 0 	 3
1440902882 	 47 	 11
3000899473 	 14 	 33
702081044 	 4 	 6
2335232532 	 3 	 4
2774813673 	 1 	 0
270643204 	 6 	 5
357629189 	 6 	 0
2857478745 	 1 	 0
1613892920 	 0 	 2
2870611261 	 1 	 3
3009582264 	 3 	 4
1483725696 	 3 	 5
1242563580 	 2 	 26
2523733057 	 11 	 18
415331569 	 2 	 2
2555604404 	 1 	 0
1518404478 	 7 	 37
981138342 	 103 	 57
1486091090 	 0 	 1
708050179 	 1 	 0
2582709833 	 50 	 0
799320793 	 5 	 6
2881622703 	 0 	 2
2260762889 	 254 	 61
2937595227 	 9 	 6
550135928 	 1 	 6
1048439486 	 0 	 40
1068684085 	 8 	 10
3080971102 	 0 	 1
2896710304 	 8 	 0
2263804601 	 0 	 2
1514426707 	 0 	 2
547172089 	 143 	 145
84732806 	 2 	 2
1127251987 	 34 	 40
770238396 	 0 	 2
1568674100 	 28 	 202
1611364122 	 309 	 273
1290161238 	 0 	 19
2250861852 	 4 	 3
2265247429 	 0 	 3
353247633 	 1 	 1
2957930507 	 4 	 7
2973464835 	 1 	 3
253008760 	 50 	 0
1325822119 	 0 	 1
2629280338 	 15 	 0
1016819293 	 0 	 14
2955062494 	 2 	 5
899052614 	 1 	 12
3001729199 	 6 	 7
632390059 	 2 	 13
447935603 	 3 	 2
2334338049 	 3 	 0
1220363912 	 6 	 14
14375658 	 29 	 21
50008543 	 2 	 1
2727077459 	 1 	 2
25524892 	 5 	 6
2860726682 	 17 	 27
2706514676 	 3 	 18
2938092769 	 3 	 0
2884983352 	 1 	 0
1549258225 	 2 	 3
2558333105 	 2 	 0
2788746267 	 18 	 55
1289966324 	 3 	 9
2936061941 	 1 	 1
2203050737 	 155 	 206
555289775 	 6 	 0
1710518162 	 4 	 11
1012898467 	 2 	 2
2988498365 	 1 	 2
902174090 	 152 	 91
2558487041 	 97 	 73
1470368916 	 23 	 24
2465166882 	 1 	 0
2920570311 	 4 	 2
2913052311 	 38 	 45
2974696113 	 2 	 4
614560967 	 2 	 9
1020804691 	 0 	 1
529099479 	 1 	 7
2477228716 	 9 	 7
535782808 	 1978 	 0
2398588146 	 29 	 148
1547877469 	 9 	 17
2783635658 	 21 	 17
2350730738 	 54 	 79
1970237450 	 0 	 18
1924393598 	 49 	 61
1914809316 	 9 	 16
2796884009 	 7 	 5
1493702257 	 67 	 74
2916278961 	 31 	 45
282714070 	 35 	 110
556961842 	 287 	 26
2949717879 	 7 	 17
90713318 	 0 	 3
2300828420 	 0 	 1
1663530960 	 0 	 1
397256023 	 1 	 0
34449129 	 119 	 105
1049176771 	 29 	 32
1627160833 	 0 	 1
1976845832 	 1 	 0
559981785 	 21 	 45
1263298747 	 0 	 3
3080447771 	 21 	 36
531838343 	 9 	 6
3041296181 	 201 	 82
2220028958 	 44 	 54
853680248 	 0 	 5
24119941 	 1 	 3
848477466 	 48 	 48
2504176853 	 19 	 35
1705581864 	 1 	 2
937718629 	 10 	 53
2450049327 	 5 	 4
1649364930 	 11 	 31
1209338516 	 1 	 3
452599568 	 0 	 3
2711324962 	 230 	 163
2932806203 	 8 	 48
2728410496 	 10 	 11
2259458621 	 0 	 1
3103974586 	 0 	 1
2214370056 	 5 	 13
2950532627 	 0 	 1
213224067 	 5 	 18
2787012317 	 5 	 8
1962370682 	 2 	 5
2471433206 	 0 	 1
2997829471 	 2 	 1
596997785 	 1 	 5
960362467 	 1 	 17
2601460411 	 1 	 0
573157515 	 2 	 2
438551314 	 199 	 144
3063133187 	 1 	 2
282172973 	 0 	 12
2308526710 	 5 	 4
2515451115 	 0 	 4
1862287712 	 1 	 1
629362212 	 5 	 8
2986485372 	 4 	 6
2438147206 	 4 	 0
2412209312 	 31 	 60
2890686635 	 5 	 8
2613035608 	 2 	 0
2732080837 	 1 	 5
1596342570 	 28 	 5
1234881792 	 82 	 71
2845705234 	 0 	 2
401670506 	 679 	 72
2944896735 	 1 	 7
2961025077 	 1 	 0
1316502037 	 4 	 3
2846283317 	 0 	 1
2928013249 	 1 	 1
2332669494 	 5 	 16
333408009 	 5 	 3
485353346 	 0 	 4
3069356411 	 0 	 1
3057942603 	 0 	 2
1350746084 	 1 	 7
2741483722 	 10 	 20
2584982816 	 0 	 1
1417197000 	 1 	 0
2922425555 	 44 	 29
2390131454 	 24 	 303
143595558 	 93 	 124
2793947713 	 276 	 231
1436549760 	 15 	 16
1456943652 	 0 	 1
1164529182 	 5 	 12
3025183695 	 1 	 0
65772882 	 0 	 1
1729378902 	 58 	 48
1035886063 	 34 	 0
2892511407 	 13 	 154
2267890327 	 0 	 1
14336965 	 2 	 3
61284575 	 1 	 4
2942905060 	 77 	 70
276989151 	 14 	 1
2982274983 	 5 	 5
1565980524 	 0 	 16
792905353 	 1 	 0
1077712489 	 3 	 19
2800507633 	 3 	 0
2798261628 	 0 	 3
2691417523 	 2 	 7
1597450388 	 80 	 109
223503174 	 0 	 2
1164835177 	 4 	 0
2404881204 	 11 	 48
790107296 	 2 	 10
1130255724 	 1 	 7
916499382 	 13 	 25
1727080466 	 47 	 68
2649933255 	 2 	 3
3086747333 	 4 	 2
2163783306 	 0 	 14
2439639138 	 132 	 137
2812143263 	 3 	 9
337386115 	 4 	 0
2215495205 	 0 	 3
873722743 	 1509 	 341
1110411396 	 39 	 13
1734176052 	 269 	 200
2654747130 	 353 	 133
2980250255 	 0 	 1
1931338134 	 0 	 4
1197272281 	 1 	 0
2891572229 	 1 	 5
489912723 	 3 	 4
1861090927 	 1 	 0
781772256 	 0 	 1
436555284 	 1 	 5
2858390162 	 2 	 15
3014290671 	 15 	 17
2950811783 	 5 	 7
2874686736 	 3 	 5
2430990637 	 3 	 4
118164068 	 1 	 2
566531315 	 1 	 0
2327121873 	 0 	 10
1051419926 	 0 	 1
2723453775 	 6 	 3
3080182563 	 0 	 4
2928182324 	 1 	 2
979186782 	 10 	 13
3058250698 	 7 	 6
1050282858 	 1 	 0
2561416575 	 31 	 42
2731386749 	 14 	 243
1556661792 	 4 	 0
2495325586 	 8 	 0
421929133 	 0 	 2
2826296301 	 47 	 44
1613564569 	 6 	 6
2849159301 	 4 	 14
3085125195 	 0 	 1
233974057 	 2 	 0
2781639245 	 0 	 1
2626512844 	 0 	 1
2740096032 	 15 	 33
1442316427 	 1 	 2
2878861587 	 0 	 1
2989948372 	 0 	 1
2256280206 	 24 	 1
2400577441 	 11 	 23
277374311 	 0 	 27
2914625362 	 5 	 2
2450678771 	 140 	 82
2947366437 	 0 	 3
777040297 	 6 	 14
2465827865 	 19 	 22
2611387026 	 4 	 0
1687476871 	 58 	 100
1046235289 	 3 	 33
27542520 	 123 	 60
2835742595 	 0 	 4
3007986742 	 1 	 0
1564904425 	 5 	 8
1614482792 	 5 	 20
3039640048 	 1 	 0
909004188 	 9 	 13
1328219456 	 1 	 1
467070628 	 2 	 2
843353714 	 7 	 30
2308922026 	 14 	 6
1429486316 	 386 	 211
2650188579 	 30 	 43
2969978134 	 0 	 2
1138286406 	 1 	 3
3018606007 	 0 	 3
2475872358 	 0 	 2
141128190 	 15 	 12
1289879593 	 15 	 79
611179051 	 14 	 38
2886140039 	 9 	 10
2542088654 	 0 	 2
2194719886 	 1 	 15
2383124607 	 0 	 4
2562586518 	 1 	 1
36666530 	 2 	 2
1608912728 	 1 	 2
2765078337 	 1 	 0
893276304 	 3 	 16
977419040 	 0 	 7
23962908 	 1 	 19
2889877069 	 5 	 3
1390954633 	 0 	 7
3014550959 	 15 	 43
2593256463 	 1 	 2
2815396496 	 33 	 43
2612413782 	 36 	 39
2822765603 	 1 	 2
2278227847 	 8 	 10
473626239 	 38 	 60
1611931081 	 6 	 8
3076991416 	 0 	 57
1061561653 	 132 	 33
1718375726 	 1 	 1
2285418486 	 4 	 3
792266816 	 3 	 7
141565618 	 14 	 8
2930920035 	 3 	 10
185418807 	 6 	 4
322937469 	 0 	 5
184478728 	 4 	 3
1196447191 	 16 	 45
1561234734 	 38 	 39
2208167503 	 1 	 14
211957547 	 103 	 22
2955481660 	 8 	 14
1332689052 	 4 	 8
847529941 	 1 	 9
2987935606 	 15 	 5
3037163040 	 8 	 2
2535852895 	 1 	 0
253008564 	 1 	 0
1597029800 	 9 	 30
2374114591 	 2 	 11
1413761539 	 661 	 315
1925480035 	 1 	 2
2830550304 	 1 	 1
600657541 	 82 	 99
2838246387 	 0 	 3
2958683404 	 1 	 0
24638182 	 0 	 1
187956400 	 0 	 1
895177568 	 0 	 4
1295986771 	 1 	 2
2755155010 	 6 	 7
394966147 	 1 	 1
924719946 	 57 	 55
309980758 	 4 	 81
521973333 	 16 	 12
2308630014 	 4 	 0
2739897717 	 6 	 5
1958845153 	 1 	 0
2971871464 	 118 	 158
2831290960 	 8 	 7
970183279 	 15 	 14
1396955989 	 4 	 24
46508855 	 25 	 27
3053751592 	 18 	 34
3065410263 	 58 	 73
1250208368 	 0 	 3
1420739767 	 3 	 6
2561943207 	 9 	 0
2338020271 	 6 	 61
132518983 	 19 	 7
2847684970 	 7 	 26
531826432 	 0 	 68
1869143557 	 1 	 3
2750156443 	 3 	 6
484783355 	 159 	 26
636596002 	 72 	 22
544477696 	 6 	 16
396841251 	 1 	 3
1293511255 	 13 	 26
2754672875 	 390 	 553
243836346 	 16 	 0
2852262032 	 4 	 13
211213719 	 17 	 13
3048771999 	 1 	 0
1281274562 	 48 	 25
1921511406 	 33 	 35
2932952342 	 1 	 1
2779777175 	 0 	 5
2999803258 	 8 	 2
32122637 	 21 	 0
606872070 	 49 	 45
2484041672 	 6 	 6
2813148224 	 0 	 1
2416878060 	 319 	 674
178030167 	 2 	 5
1247119963 	 30 	 38
2861375037 	 9 	 5
1526646450 	 5 	 0
2657826700 	 5 	 7
635750758 	 16 	 8
2973506087 	 11 	 0
2713821854 	 7 	 6
3025464477 	 1 	 15
1379034313 	 6 	 0
37986181 	 2 	 3
376275278 	 8 	 17
2999120074 	 6 	 0
2869756862 	 1 	 0
2652047742 	 0 	 20
2646956742 	 1 	 5
2213467452 	 3 	 6
44633681 	 6 	 0
213307809 	 1 	 0
1597185804 	 0 	 4
813673076 	 4 	 28
233068578 	 58 	 105
311052244 	 0 	 6
2298257269 	 31 	 0
2800787212 	 1 	 2
253010607 	 6 	 0
1939620193 	 0 	 1
2869883362 	 2 	 4
274182382 	 14 	 27
418145189 	 3 	 4
1358574440 	 4 	 6
1370842388 	 6 	 9
2953915728 	 6 	 23
3019041401 	 1 	 0
39052914 	 5 	 8
361242300 	 19 	 89
1346561412 	 1 	 3
2252578506 	 0 	 3
2753387091 	 1 	 2
1544122183 	 0 	 6
508955433 	 9 	 12
3013732339 	 39 	 58
2983066821 	 0 	 1
2922088173 	 12 	 0
373579105 	 1 	 10
71343336 	 1 	 0
934814834 	 26 	 27
1069395794 	 3 	 7
1016009144 	 0 	 1
3056662872 	 11 	 17
2341578158 	 1 	 13
1898617614 	 8 	 0
2903191005 	 3 	 7
2563509001 	 0 	 1
1389206616 	 2 	 2
197269135 	 1 	 8
2334172560 	 0 	 7
2986815453 	 0 	 3
75922852 	 49 	 13
3114868889 	 6 	 0
2925200269 	 4 	 4
509248562 	 28 	 36
1350874850 	 152 	 85
88696740 	 2 	 18
2482812129 	 2 	 0
2266749500 	 11 	 20
3113062169 	 163 	 57
1045966590 	 2 	 0
855791893 	 168 	 104
633331131 	 3 	 18
961347372 	 39 	 12
239699401 	 63 	 0
2764629461 	 1 	 1
2558596388 	 1 	 0
2369280808 	 0 	 1
2937715124 	 31 	 28
2916460019 	 2 	 7
2722654625 	 1 	 19
1463030096 	 2 	 3
924148796 	 0 	 4
2741132355 	 0 	 1
1037217606 	 5 	 5
2392935086 	 1 	 1
467085645 	 5 	 24
2556161853 	 12 	 30
2960131950 	 2 	 1
304334268 	 1 	 0
1223544912 	 47 	 68
1975103616 	 1 	 4
1171720003 	 13 	 21
3077669057 	 7 	 0
222216222 	 130 	 199
2918830835 	 2 	 1
2852593004 	 20 	 26
3035122511 	 7 	 30
816140107 	 39 	 39
1703199847 	 40 	 31
2724612664 	 9 	 60
414083441 	 0 	 2
2984682102 	 2 	 4
202472599 	 4 	 13
2227712625 	 1 	 1
2904483993 	 1 	 1
540668662 	 725 	 506
3019223763 	 15 	 0
1120887582 	 0 	 6
2711118969 	 5 	 12
2571305537 	 1 	 2
2962664406 	 4 	 14
2956957256 	 1 	 0
2929642199 	 5 	 44
1937571937 	 12 	 52
1850048894 	 1 	 0
811213729 	 7 	 10
2963261800 	 0 	 1
2772317204 	 3 	 3
2278302992 	 1 	 2
271128440 	 313 	 386
1169546053 	 2 	 1
289617959 	 2 	 1
2987484604 	 23 	 13
1618953558 	 27 	 35
1671938575 	 9 	 10
258094996 	 386 	 455
809938064 	 97 	 135
2717598373 	 4 	 4
2605322413 	 2 	 3
2928052024 	 4 	 1
2992652399 	 2 	 1
2718224211 	 1 	 5
2819426228 	 0 	 1
2261054200 	 11 	 19
3065269216 	 4 	 5
2246442263 	 1 	 31
2788275124 	 445 	 211
2343437205 	 22 	 24
69549218 	 23 	 0
2957699706 	 14 	 26
1476617665 	 0 	 5
856777574 	 37 	 43
2535869868 	 4 	 8
161268346 	 14 	 47
2796971079 	 0 	 2
2216013355 	 0 	 3
42510566 	 9 	 0
3012493749 	 3 	 0
1053437148 	 15 	 7
2374286881 	 1 	 0
2932701166 	 4 	 5
1097079960 	 3 	 8
719071706 	 4 	 2
2926323368 	 13 	 7
3005683907 	 0 	 2
1261239666 	 59 	 50
2417923802 	 9 	 5
553100665 	 2 	 5
2517215135 	 7 	 0
338426302 	 22 	 86
132050636 	 6 	 6
1162703370 	 2 	 0
275759599 	 13 	 22
1416897570 	 26 	 12
608546541 	 4 	 21
2187938209 	 2 	 4
1216171603 	 6 	 6
3045380097 	 51 	 55
332770861 	 19 	 26
2822117342 	 56 	 44
1535201132 	 35 	 14
3094173384 	 33 	 85
211012246 	 6 	 7
230279335 	 5 	 9
991150658 	 12 	 6
3031724083 	 0 	 2
815509795 	 0 	 21
2889484479 	 0 	 92
2881359582 	 16 	 55
2497538678 	 9 	 45
2740082962 	 99 	 117
2904205958 	 50 	 29
1043598422 	 0 	 2
3026899258 	 1 	 0
2911556529 	 153 	 225
2320160934 	 1 	 2
342150777 	 0 	 1
52055326 	 16 	 42
2959266928 	 1 	 0
1873467474 	 0 	 1
1721044970 	 1 	 2
2471347069 	 1 	 1
2904735124 	 2 	 0
472405942 	 0 	 1
2165090817 	 0 	 3
22739948 	 47 	 21
3040103930 	 109 	 0
371355119 	 0 	 3
2238867927 	 0 	 1
469924560 	 132 	 6
2328267122 	 12 	 3
980960461 	 7 	 22
1087002326 	 286 	 11
50804274 	 5 	 1
2201735589 	 56 	 0
1668723068 	 2 	 16
2986372614 	 1 	 1
2529126201 	 6 	 7
1592440356 	 65 	 184
2313526938 	 0 	 5
3029919771 	 8 	 11
43298017 	 35 	 52
1313646014 	 19 	 21
1598879016 	 5 	 10
2883623441 	 1 	 1
150948163 	 1 	 4
2883221745 	 4 	 0
2357934375 	 1 	 0
2273980452 	 0 	 22
2200242956 	 10 	 22
2571640015 	 10 	 31
2371950685 	 30 	 48
1442618282 	 501 	 191
596887049 	 0 	 1
766669082 	 54 	 77
883308811 	 349 	 110
2728694724 	 25 	 14
2972622417 	 0 	 4
2778247103 	 7 	 13
2303806101 	 10 	 12
2499759937 	 0 	 4
2955657154 	 2 	 7
437020597 	 6 	 1
245651913 	 3 	 2
1448035675 	 7 	 26
2986686658 	 2 	 5
777557658 	 0 	 2
1037321305 	 10 	 0
438659895 	 0 	 7
809551405 	 321 	 281
2258733919 	 8 	 17
604528167 	 0 	 58
2945391127 	 143 	 226
2820866248 	 25 	 26
2646605725 	 14 	 15
2451953051 	 0 	 1
2981952153 	 4 	 10
1916420532 	 1 	 2
2728123090 	 6 	 16
2604229756 	 6 	 13
3074214311 	 27 	 54
2961194457 	 3 	 4
3001014984 	 0 	 8
2609224183 	 3 	 6
1315694803 	 35 	 0
2980391499 	 0 	 2
3108964380 	 0 	 5
2312884206 	 1 	 1
2916763553 	 60 	 105
47304781 	 92 	 197
1295965406 	 12 	 11
605728170 	 1 	 0
2974807259 	 10 	 12
2998176763 	 0 	 1
2509044487 	 34 	 33
3039189458 	 2 	 6
2442728341 	 0 	 73
2578267673 	 8 	 19
3006279699 	 2 	 6
83726819 	 2 	 6
3085728560 	 0 	 1
2888882417 	 0 	 1
2999940695 	 1 	 1
2528959378 	 1 	 0
44144329 	 10 	 42
2973766671 	 25 	 35
2972019405 	 2 	 0
2994098413 	 19 	 7
1129358006 	 12 	 30
3008757551 	 42 	 47
2260935245 	 8 	 0
2992082472 	 28 	 17
1264361810 	 54 	 42
2771406708 	 2 	 10
1543005240 	 2 	 13
2467007072 	 35 	 62
311112967 	 1 	 1
2621533948 	 343 	 180
2908831669 	 0 	 1
2793245421 	 137 	 50
2828967314 	 28 	 77
15683103 	 3 	 22
3013860412 	 13 	 35
2343024259 	 1 	 2
2775947806 	 38 	 40
2959943206 	 2 	 3
2698330634 	 42 	 36
3014145779 	 76 	 170
2951608617 	 54 	 45
2886198939 	 13 	 10
3027488429 	 148 	 415
304470956 	 4 	 0
866741827 	 1 	 0
287887614 	 7 	 8
711452401 	 3 	 1
1489251044 	 2 	 2
2946063662 	 0 	 1
3030616062 	 18 	 49
563998926 	 8 	 59
1540193808 	 22 	 35
3027388174 	 1 	 1
1094654942 	 4 	 10
1423960525 	 9 	 65
896144467 	 2 	 2
155654553 	 12 	 17
1609754179 	 5 	 5
1250809069 	 1 	 2
1827483403 	 1 	 0
30006753 	 0 	 15
2892867581 	 0 	 1
2594223819 	 0 	 1
1203041946 	 27 	 42
1190127122 	 1 	 4
498530317 	 0 	 11
2474431778 	 6 	 1
2191356930 	 5 	 8
3122740551 	 1 	 0
23834675 	 5 	 0
343936913 	 37 	 6
1270024393 	 1 	 0
3090690042 	 0 	 5
2377921973 	 220 	 93
1202312900 	 0 	 2
499044124 	 3 	 16
3014056707 	 2 	 3
2921457609 	 1 	 5
738857959 	 1 	 1
2830689058 	 24 	 17
2325978996 	 4 	 4
2522738775 	 32 	 47
400271852 	 2 	 6
2730354358 	 4 	 7
1452532201 	 19 	 11
394017626 	 0 	 1
894516998 	 0 	 6
213031586 	 24 	 18
2501718524 	 43 	 60
185369530 	 12 	 11
2441600063 	 17 	 0
2398532696 	 0 	 2
53520595 	 6 	 2
1038908624 	 12 	 20
1375664096 	 110 	 36
2295369223 	 1 	 2
2263715665 	 2 	 0
2244652602 	 4 	 0
2674092992 	 2 	 4
2246710165 	 15 	 23
1374371856 	 0 	 74
1035955022 	 1 	 1
2318185207 	 3 	 4
2332928804 	 1 	 0
2891143032 	 0 	 1
1314446143 	 1 	 0
2729937775 	 1 	 1
108905110 	 0 	 2
2498803190 	 1 	 3
2496177169 	 17 	 16
1081062408 	 0 	 2
57733842 	 3 	 1
602048036 	 0 	 2
134899127 	 12 	 0
2508070955 	 3 	 2
20741388 	 212 	 45
2973701782 	 64 	 11
247833332 	 4 	 59
2942362190 	 0 	 1
2908593735 	 158 	 157
1226633288 	 7 	 21
216454487 	 8 	 0
392515372 	 1 	 10
48304438 	 16 	 29
1635777679 	 1 	 18
1141149042 	 2 	 2
2607922947 	 4 	 4
473376550 	 0 	 2
2255367767 	 2 	 3
1050443076 	 163 	 680
572184258 	 17 	 33
2995138324 	 6 	 7
57567726 	 0 	 1
2570130304 	 0 	 2
334454200 	 21 	 21
2521923286 	 13 	 26
2764553473 	 6 	 21
581260530 	 37 	 26
399489979 	 51 	 96
2206844066 	 20 	 22
2898043380 	 8 	 10
1360286396 	 19 	 34
815541145 	 1 	 0
2664098628 	 0 	 1
388307112 	 2 	 36
3087589047 	 2 	 3
2200868152 	 0 	 2
2965688895 	 5 	 9
2954559191 	 5 	 3
2743531980 	 24 	 0
2987355936 	 2 	 1
2964874641 	 9 	 9
2598635247 	 3 	 1
25311240 	 207 	 54
1146675223 	 0 	 1
2995460831 	 5 	 1
185017873 	 10 	 7
1228237898 	 0 	 1
1907637949 	 1 	 3
1594479060 	 2 	 11
2747144492 	 220 	 437
1545644725 	 0 	 3
2375974975 	 9 	 5
965207611 	 79 	 0
195875182 	 0 	 1
2436893477 	 2 	 7
2290769879 	 16 	 23
1231784246 	 9 	 24
2909404906 	 1 	 0
895860206 	 49 	 169
2584217033 	 5 	 5
566650612 	 0 	 1
415851931 	 0 	 5
894164162 	 0 	 1
1333661174 	 2 	 7
2336381272 	 4 	 12
2604898376 	 1 	 0
569365427 	 8 	 13
3007047730 	 58 	 100
1240175660 	 3 	 5
2867122666 	 2 	 5
2450832253 	 2 	 4
2989026548 	 1 	 12
427381396 	 2 	 1
2518993484 	 4 	 5
344115535 	 21 	 51
910688622 	 0 	 54
455569571 	 12 	 0
473269046 	 1 	 3
2917951177 	 0 	 1
2257452874 	 1 	 0
61901035 	 5 	 2
1052465138 	 0 	 1
602433517 	 25 	 39
1054154264 	 1 	 0
2519768433 	 5 	 3
3033489659 	 22 	 0
2798138217 	 2 	 6
75373651 	 7 	 19
290252213 	 2 	 36
3079273959 	 6 	 8
16563547 	 84 	 95
1560961549 	 0 	 8
2861476024 	 37 	 78
857152232 	 1 	 14
2779468340 	 5 	 2
2520738704 	 169 	 406
1146851930 	 0 	 1
1340457506 	 0 	 2
2926093107 	 0 	 1
2758855402 	 1 	 2
359143366 	 0 	 4
546389187 	 10 	 29
2845538103 	 9 	 8
843130200 	 7 	 18
2949931737 	 1 	 0
2896776131 	 31 	 44
762622524 	 7 	 10
2904824966 	 2 	 2
1751296724 	 0 	 20
2887094699 	 0 	 2
2999462383 	 1 	 0
254761542 	 19 	 15
2248459323 	 11 	 9
2982240712 	 1 	 1
580032001 	 1 	 1
3002474403 	 26 	 47
1561999434 	 4 	 1
2474522750 	 60 	 116
2921983029 	 176 	 181
1689033488 	 1 	 5
873943868 	 0 	 1
53399230 	 1 	 1
2745010728 	 47 	 10
2921392852 	 1 	 1
3079566425 	 25 	 43
2921964634 	 0 	 2
1529213676 	 301 	 232
1525345063 	 3 	 0
22494382 	 0 	 1
2904598247 	 0 	 1
3044894129 	 1 	 1
2985084269 	 5 	 7
411090867 	 0 	 5
412538263 	 0 	 1
1976498636 	 0 	 1
1140781458 	 2 	 7
2865761030 	 281 	 203
2544820309 	 30 	 48
2837517220 	 4 	 7
519804223 	 17 	 4
1029249948 	 8 	 40
27649141 	 14 	 15
391017411 	 4 	 7
119704910 	 1 	 0
2478224016 	 25 	 16
2893452378 	 33 	 42
1483582435 	 4 	 22
2371361995 	 0 	 1
1506877316 	 61 	 73
2603075740 	 9 	 7
32210375 	 0 	 2
740050238 	 25 	 69
2769061058 	 2 	 0
2439060728 	 13 	 44
394915376 	 82 	 38
2945865628 	 98 	 116
2843959643 	 4 	 8
2825335431 	 1 	 3
3033688844 	 4 	 1
2925069206 	 1 	 3
176380757 	 0 	 3
2750877303 	 6 	 0
479250666 	 113 	 116
1546443432 	 5 	 8
1396817059 	 0 	 3
893823422 	 13 	 23
1020617971 	 7 	 0
3004250140 	 0 	 1
1347633547 	 87 	 0
2748855791 	 11 	 17
2968388123 	 11 	 4
1528337377 	 2 	 0
2598010388 	 3 	 2
3025633421 	 82 	 81
2760368279 	 31 	 0
368437546 	 25 	 20
2622719842 	 4 	 2
971220812 	 1 	 9
205556009 	 0 	 2
573910509 	 9 	 0
1707233174 	 14 	 72
2963766330 	 1 	 3
1729051645 	 16 	 49
1220071573 	 3 	 0
102029866 	 19 	 28
1498721216 	 13 	 8
2954192005 	 1 	 0
2362922438 	 3 	 5
2950702641 	 7 	 16
1935194071 	 0 	 20
2573186850 	 9 	 17
3044144277 	 29 	 43
2364576901 	 5 	 15
2372752841 	 0 	 21
969903648 	 0 	 9
586575977 	 19 	 10
2865797870 	 1 	 1
3077468273 	 1 	 0
1524458455 	 2 	 1
840433650 	 0 	 1
1135099730 	 18 	 30
2417842436 	 1 	 2
1320232310 	 0 	 1
2992399630 	 27 	 47
2470571564 	 7 	 3
2945569220 	 20 	 29
2547375732 	 0 	 23
1196791898 	 11 	 6
2691808545 	 2 	 41
1039856160 	 42 	 57
2444571134 	 23 	 1
552077836 	 54 	 70
1036114669 	 80 	 174
232975838 	 2 	 8
46559471 	 26 	 7
76151587 	 1 	 0
1236998864 	 6 	 2
2246711085 	 0 	 35
1448322205 	 18 	 26
59615041 	 34 	 6
547870654 	 0 	 2
2169257565 	 166 	 134
459895588 	 15 	 30
349322419 	 59 	 188
2928152198 	 24 	 19
868257366 	 16 	 13
1321252634 	 51 	 73
34257784 	 1 	 0
2362477976 	 574 	 261
1478300900 	 19 	 4
2574588011 	 6 	 4
2936651555 	 19 	 9
2559379563 	 2 	 8
3035288194 	 37 	 81
1596556783 	 164 	 87
16394061 	 38 	 78
92550471 	 2 	 2
1006364778 	 0 	 3
247605334 	 22 	 3
2318663445 	 1 	 1
448286628 	 18 	 39
107262106 	 5 	 7
2942487587 	 234 	 417
2355323753 	 179 	 161
2909631254 	 8 	 2
3011122178 	 0 	 2
68584653 	 0 	 5
757913582 	 1 	 7
2853229116 	 8 	 15
1219824277 	 4 	 7
1525842126 	 0 	 1
2321415538 	 3 	 4
2864309362 	 0 	 5
3031589792 	 2 	 2
3069135644 	 6 	 8
2857690601 	 9 	 9
1475271547 	 4 	 3
3111952012 	 76 	 85
3127544825 	 12 	 12
212473020 	 12 	 32
2949148177 	 7 	 4
3077706478 	 1 	 1
2746690511 	 0 	 12
990148682 	 33 	 33
838205125 	 32 	 70
2941328370 	 13 	 12
3012320450 	 5 	 6
2804783927 	 31 	 28
1341746821 	 19 	 28
254036075 	 1 	 0
2825028758 	 4 	 9
2471798008 	 0 	 3
3127320707 	 3 	 6
2923912150 	 0 	 2
974312004 	 16 	 24
1894808334 	 44 	 38
2198522839 	 6 	 8
1029843054 	 0 	 3
21549110 	 1 	 5
2865929142 	 15 	 21
507307310 	 9 	 44
1902441768 	 40 	 0
2957112230 	 2 	 2
1973668700 	 6 	 10
90949762 	 48 	 118
2971249788 	 2 	 15
2893837787 	 1 	 5
2515416862 	 12 	 29
2916876287 	 29 	 19
1202978850 	 12 	 7
1630367371 	 1 	 7
1529250283 	 0 	 1
2901188410 	 0 	 1
281603033 	 1 	 5
961787250 	 155 	 157
3047754830 	 5 	 7
306958158 	 1 	 1
2348045088 	 0 	 1
258388402 	 1 	 0
1210448972 	 1 	 2
2602736065 	 29 	 57
2856994887 	 0 	 1
629018116 	 0 	 2
1080804042 	 1 	 0
3072185995 	 6 	 5
1268428160 	 1 	 13
29168182 	 0 	 1
2745799317 	 0 	 6
1568648058 	 2 	 11
2856063795 	 107 	 89
2274301016 	 27 	 44
1365779976 	 1 	 0
636549518 	 66 	 122
109235645 	 37 	 7
2585516074 	 3 	 0
3072378023 	 1 	 2
1197339265 	 940 	 123
240722910 	 0 	 2
2832520361 	 0 	 2
362602529 	 5 	 6
2560184971 	 0 	 1
2273324692 	 30 	 85
268543778 	 7 	 18
1431095166 	 15 	 47
2160800772 	 2 	 2
857261623 	 0 	 1
2903091233 	 4 	 4
430127541 	 24 	 242
24722494 	 3 	 0
2718443526 	 0 	 2
2748437727 	 0 	 1
2895191582 	 11 	 20
1431299167 	 0 	 11
3080444163 	 1 	 1
1273240471 	 0 	 1
3109258052 	 0 	 96
418719818 	 22 	 89
533972274 	 18 	 0
320154349 	 148 	 81
1682421781 	 57 	 120
2880128194 	 64 	 85
2200379652 	 1 	 14
3044825283 	 0 	 1
2981589026 	 1 	 1
357962301 	 1 	 0
2300121629 	 21 	 17
1188697692 	 3 	 3
2688291168 	 1 	 9
1511104351 	 1 	 3
122620304 	 5 	 15
3110395858 	 29 	 67
2760785112 	 52 	 80
2468055566 	 0 	 1
273203971 	 13 	 31
445991884 	 1 	 12
2609864878 	 38 	 49
2944598221 	 10 	 10
445006581 	 89 	 170
3034767184 	 4 	 1
2390449620 	 1 	 13
321442449 	 0 	 1
1367632352 	 3 	 1
1490566874 	 75 	 62
2784468303 	 15 	 0
1071656593 	 0 	 4
2235146064 	 7 	 7
2982732915 	 5 	 3
1110321746 	 26 	 0
810074996 	 3 	 7
294420572 	 20 	 165
1035530761 	 8 	 7
3080720091 	 4 	 6
2262468471 	 1 	 0
2174816496 	 18 	 38
3018682047 	 0 	 1
1278723134 	 9 	 6
39572410 	 0 	 1
3048696941 	 9 	 26
1560999871 	 7 	 14
2982283659 	 19 	 258
2176196803 	 0 	 4
544190354 	 0 	 1
1032158988 	 0 	 1
23683895 	 92 	 72
2981070849 	 1 	 2
2731748451 	 286 	 198
1254737468 	 7 	 2
2469448710 	 2 	 24
2441987143 	 1 	 0
705285685 	 0 	 7
349458048 	 21 	 57
2436281608 	 2 	 0
2203640468 	 51 	 59
2252313730 	 2 	 6
106508686 	 0 	 2
1112061216 	 0 	 5
2370297008 	 10 	 99
1194391153 	 0 	 1
502603027 	 0 	 7
3054046477 	 4 	 9
42975494 	 0 	 2
2641626454 	 17 	 63
2908409343 	 14 	 55
38076933 	 171 	 133
1874250818 	 0 	 1
857094012 	 3 	 2
2273120012 	 15 	 20
2678629280 	 26 	 37
2688118661 	 0 	 8
2453870928 	 21 	 0
1118176326 	 8 	 21
2909952094 	 1 	 2
2770169651 	 1 	 0
1632395467 	 7 	 33
3045002010 	 1 	 0
1357683001 	 0 	 14
291598445 	 1 	 7
249501069 	 13 	 5
2554673239 	 6 	 3
2943650549 	 5 	 5
1533725821 	 1 	 0
2952533174 	 31 	 0
1906932392 	 32 	 17
1487362622 	 41 	 67
2351495981 	 0 	 1
535436903 	 493 	 194
410848362 	 37 	 75
2986614910 	 6 	 15
3057044078 	 0 	 2
2899017631 	 0 	 1
634256652 	 8 	 7
2884145843 	 1 	 1
2273876755 	 0 	 3
723612150 	 1 	 1
1915568004 	 8 	 0
3002547873 	 3 	 2
1961817289 	 3 	 7
3041452721 	 6 	 0
900569918 	 2 	 86
967687232 	 2 	 2
3051149830 	 3 	 6
555521730 	 2 	 0
934874966 	 24 	 46
1049431760 	 11 	 21
2177329959 	 1 	 4
2723767554 	 12 	 5
2416453640 	 202 	 162
3108352431 	 12 	 1
487020046 	 3 	 22
633741381 	 0 	 6
2639177295 	 6 	 15
2713301768 	 0 	 7
930193242 	 35 	 63
1560056918 	 3 	 5
1917361800 	 8 	 8
1655628307 	 2 	 0
230114030 	 2 	 3
2413229885 	 0 	 6
609320639 	 128 	 59
2958976272 	 6 	 5
1205300324 	 45 	 9
731105472 	 8 	 16
1572006127 	 51 	 80
2972152438 	 5 	 8
2296236360 	 0 	 93
2942558492 	 5 	 7
2966554109 	 1 	 0
985402818 	 0 	 4
23586344 	 3 	 4
1403568812 	 1 	 1
2363380112 	 10 	 27
1206432247 	 2 	 0
2746356852 	 0 	 25
2805370991 	 1 	 0
2730937446 	 3 	 2
1371101406 	 0 	 8
2264882562 	 7 	 13
2986299950 	 8 	 9
2912344209 	 35 	 30
928930566 	 76 	 136
885528355 	 0 	 6
2768345009 	 31 	 64
188448945 	 0 	 5
2799161151 	 0 	 14
2765098072 	 10 	 10
1132427256 	 2 	 2
2949539471 	 18 	 16
1539532482 	 0 	 3
1083477512 	 4 	 10
1059328194 	 3 	 37
3000320012 	 8 	 46
236258159 	 34 	 39
88933181 	 0 	 2
2216509300 	 8 	 21
2473286630 	 1 	 0
1120980493 	 25 	 31
2943282417 	 23 	 50
870475482 	 0 	 23
2741154147 	 0 	 2
1414356714 	 0 	 1
73695731 	 0 	 4
1968890928 	 4 	 3
3024025395 	 55 	 66
1094135550 	 4 	 21
2977242603 	 1 	 4
3039545388 	 2 	 1
1083579848 	 1 	 0
627907433 	 4 	 6
106236099 	 2 	 0
2451264468 	 3 	 6
706143288 	 2 	 2
2338959031 	 0 	 1
1511976758 	 1 	 0
2554553358 	 1 	 3
1873808563 	 1 	 2
2690163984 	 0 	 2
3108757194 	 1 	 0
2784975787 	 25 	 26
2769444131 	 1 	 5
2908557105 	 1 	 19
1698056263 	 14 	 0
2516004919 	 1 	 14
2351718736 	 19 	 40
2336139639 	 25 	 23
979701152 	 1 	 1
602112899 	 59 	 40
529038292 	 0 	 1
579549376 	 5 	 24
2501405969 	 0 	 3
1023720006 	 17 	 24
2842910282 	 9 	 8
202595140 	 12 	 31
3004395401 	 3 	 0
730830601 	 1 	 6
2513472189 	 4 	 6
461651862 	 4 	 8
1223476910 	 192 	 168
1593957656 	 2 	 20
3013978994 	 4 	 12
1219810914 	 2 	 11
2834655855 	 0 	 2
88446109 	 6 	 1
2353280685 	 213 	 256
711241724 	 0 	 5
1327987164 	 11 	 114
2972019281 	 0 	 2
2447365948 	 3 	 1
2300746824 	 293 	 175
1666755920 	 2 	 2
926448806 	 1 	 2
857853320 	 1 	 5
2500814584 	 10 	 15
2609125032 	 4 	 9
614879811 	 22 	 215
2968194287 	 3 	 2
1333288740 	 11 	 10
968469270 	 8 	 22
233309503 	 4 	 3
2631673455 	 1 	 1
1415892128 	 10 	 0
2960929205 	 2 	 0
1012652636 	 0 	 2
2954532151 	 1 	 5
3052686660 	 6 	 9
514022242 	 0 	 8
2511294720 	 36 	 51
2748369237 	 1 	 2
2735315819 	 1 	 3
2591487005 	 2 	 19
153128126 	 3 	 15
2393305848 	 12 	 0
1156883954 	 24 	 47
2898087157 	 2 	 3
2611234258 	 18 	 35
2724150244 	 0 	 3
2870769959 	 4 	 3
2159169763 	 30 	 94
52322011 	 15 	 29
1498457600 	 13 	 16
2910525222 	 1 	 1
2811891904 	 66 	 58
2866312337 	 55 	 173
290405188 	 2 	 5
960891114 	 2 	 1
2899404227 	 47 	 46
615406114 	 4 	 47
2290029811 	 2 	 28
2887736531 	 0 	 1
270532703 	 3 	 4
226796634 	 1 	 11
772056254 	 16 	 0
2483791075 	 1 	 0
2950225408 	 53 	 24
2224926456 	 7 	 12
2747148105 	 1 	 4
60366403 	 16 	 104
629735946 	 2 	 1
2961180508 	 0 	 3
1979372988 	 1 	 5
939712152 	 1 	 0
2802664535 	 15 	 5
448414088 	 1 	 3
2251225446 	 7 	 35
3040192404 	 0 	 3
2722731825 	 0 	 3
1334976319 	 1 	 0
1107245461 	 2 	 1
326221689 	 6 	 6
1887494761 	 3 	 12
2485898342 	 0 	 3
2564777035 	 11 	 22
135868803 	 0 	 1
2235696981 	 7 	 5
2975412119 	 160 	 0
266568356 	 2 	 14
2545801935 	 4 	 5
1679285522 	 0 	 1
866548200 	 174 	 50
2786738608 	 3 	 0
1107229896 	 0 	 3
3043415271 	 2 	 6
2435698778 	 6 	 7
2886075083 	 0 	 1
516728592 	 110 	 52
2739875301 	 1 	 2
2954352860 	 1 	 1
2779252223 	 2 	 3
2257430548 	 14 	 26
2903007798 	 1 	 3
2907484101 	 1 	 1
2925975701 	 12 	 7
3040872819 	 0 	 2
239656656 	 335 	 180
2877318931 	 0 	 1
2923217609 	 2 	 1
2918936502 	 9 	 7
2419593438 	 12 	 21
1075421527 	 159 	 261
2863413880 	 3 	 4
2585548911 	 60 	 20
872650686 	 15 	 42
2983738638 	 1 	 0
1544076535 	 0 	 6
2907757585 	 4 	 5
2788564831 	 19 	 35
201666883 	 6 	 0
2937301276 	 14 	 9
2391279157 	 0 	 2
1117128656 	 0 	 5
2932736344 	 12 	 0
992698340 	 41 	 1
2865686718 	 6 	 7
464750381 	 9 	 18
779509639 	 5 	 4
3046935915 	 0 	 1
2763704681 	 4 	 1
2864068005 	 1 	 0
2404996171 	 0 	 3
1216131781 	 2 	 16
2799228219 	 7 	 18
1423333874 	 3 	 8
2692227212 	 15 	 23
2848731310 	 5 	 12
454212238 	 16 	 10
2384604722 	 4 	 4
771115602 	 4 	 9
580170650 	 223 	 241
2351217773 	 4 	 5
2965339559 	 0 	 9
348399674 	 26 	 47
308309188 	 1 	 2
2568352426 	 3 	 70
2918949181 	 3 	 0
2979491992 	 1 	 0
3078956370 	 5 	 6
2950649146 	 22 	 36
582163782 	 19 	 74
2367512420 	 2 	 3
2334174014 	 0 	 4
3021881283 	 11 	 0
2876305923 	 13 	 47
2282763997 	 16 	 15
1188341708 	 4 	 11
14687966 	 95 	 84
1112599579 	 2 	 0
2705747102 	 1 	 5
2914151303 	 0 	 1
52864018 	 9 	 14
2627959595 	 1 	 26
2887997433 	 32 	 36
2937823517 	 1 	 1
2962977808 	 1 	 1
2151713591 	 2 	 12
2959198605 	 1 	 1
2165776433 	 8 	 1
1604212940 	 1 	 2
358635107 	 19 	 8
2195107466 	 3 	 0
828396511 	 23 	 32
334300508 	 2 	 1
1349632016 	 1 	 2
2586285408 	 7 	 9
2645545330 	 37 	 85
16857836 	 101 	 109
2602860914 	 1 	 1
2660730700 	 19 	 20
2988448393 	 0 	 4
1603000094 	 11 	 3
16423680 	 10 	 29
2937222199 	 4 	 1
1718535751 	 0 	 2
2974249733 	 8 	 41
2324753882 	 16 	 27
623988797 	 6 	 0
585435117 	 1 	 40
1676378348 	 1 	 2
3073378806 	 0 	 1
1499342480 	 2 	 1
942308778 	 8 	 2
471888443 	 0 	 1
78091695 	 103 	 130
2293822000 	 4 	 0
1363264309 	 0 	 4
1583718140 	 1 	 1
2870146821 	 8 	 15
1334655692 	 3 	 1
415742330 	 8 	 53
2800451489 	 0 	 2
1393378628 	 44 	 48
137979313 	 0 	 30
233313701 	 0 	 1
2937649921 	 12 	 35
1326758233 	 0 	 3
2347291623 	 4 	 7
2967219952 	 4 	 13
436810517 	 9 	 6
2222596247 	 31 	 53
1543978032 	 1 	 1
2864529060 	 37 	 55
2414082384 	 0 	 6
1401079176 	 72 	 165
1940124240 	 10 	 33
232298419 	 0 	 2
2333951852 	 4 	 0
2954235867 	 9 	 18
3031785183 	 8 	 12
2712314062 	 13 	 2
2773018313 	 13 	 25
292862572 	 0 	 1
3022419963 	 2 	 3
1297290402 	 6 	 139
1831797342 	 2 	 0
2752663556 	 22 	 39
2915750174 	 0 	 3
1286261071 	 3 	 3
897509594 	 38 	 1
2869462386 	 8 	 0
1580814492 	 13 	 27
419669921 	 18 	 59
344690832 	 5 	 0
625788529 	 2 	 11
2463066784 	 3 	 1
2764857187 	 1 	 2
1561328563 	 1 	 0
2818941157 	 6 	 0
1893310921 	 4 	 43
3041259002 	 0 	 1
30039253 	 15 	 2
247213749 	 2 	 1
2892858394 	 1 	 0
2998816236 	 0 	 3
1135688257 	 1 	 1
1128178039 	 1 	 1
3011274507 	 2 	 0
1158232243 	 2 	 3
1606972232 	 0 	 1
2910308671 	 5 	 3
2875709752 	 132 	 60
3048364917 	 688 	 732
1705799604 	 8 	 9
984595424 	 9 	 9
2784484748 	 23 	 20
2886085611 	 5 	 2
1496745211 	 9 	 0
415845289 	 68 	 55
2150054190 	 7 	 31
29633358 	 0 	 30
2147796222 	 96 	 73
2706768392 	 0 	 13
103955552 	 0 	 1
1950407053 	 8 	 35
2874879328 	 2 	 8
237411813 	 3 	 2
2390420994 	 0 	 1
235612435 	 3 	 21
307526918 	 1 	 0
3037706242 	 2 	 2
2887983925 	 50 	 35
2287704289 	 9 	 14
2148172328 	 49 	 106
2462565707 	 13 	 15
3119665913 	 2 	 1
192847562 	 9 	 38
3002429217 	 13 	 38
1619379512 	 24 	 29
1598741904 	 34 	 27
583371333 	 0 	 2
2983144540 	 0 	 1
2983267978 	 0 	 6
2571502611 	 16 	 20
2935347094 	 0 	 2
1949908093 	 1 	 1
1544690618 	 3 	 3
1040997450 	 1 	 1
3089750621 	 21 	 21
3070520465 	 26 	 25
368539204 	 365 	 61
2543630830 	 38 	 47
2182259392 	 1 	 6
25847662 	 0 	 3
2973311183 	 165 	 197
410431832 	 12 	 22
791987130 	 7 	 1
2983400489 	 0 	 2
983400091 	 8 	 16
2740198275 	 0 	 2
2746904423 	 6 	 16
2776711840 	 1 	 0
3041533349 	 4 	 0
1870284079 	 0 	 1
1431886142 	 15 	 23
83957328 	 5 	 0
2279963737 	 1 	 1
2808120791 	 22 	 62
2493501393 	 271 	 135
2991093622 	 0 	 1
1558358983 	 2 	 2
2795243959 	 2 	 2
2933804633 	 44 	 79
1112679991 	 0 	 7
2602267631 	 3 	 0
556827276 	 59 	 1
1944321277 	 0 	 4
1242859705 	 5 	 1
1272500016 	 106 	 189
2476005030 	 2 	 4
1908813554 	 57 	 34
898257194 	 7 	 5
2997777691 	 8 	 24
345776206 	 3 	 49
2543739436 	 28 	 26
2965981373 	 3 	 0
2879027553 	 34 	 66
2802520322 	 10 	 9
1551453048 	 74 	 55
2768426734 	 3 	 0
2572335036 	 5 	 13
2162142216 	 54 	 45
80085403 	 3 	 0
328785777 	 1 	 0
455180476 	 2 	 3
2175109904 	 343 	 243
475207776 	 0 	 4
743621468 	 0 	 1
1138561771 	 1 	 4
353023408 	 1 	 9
2890064158 	 40 	 45
1273522525 	 1 	 0
3042749944 	 174 	 136
1205429120 	 1 	 13
2724209641 	 1 	 0
324022330 	 0 	 3
2408674502 	 158 	 128
1594063332 	 0 	 23
2151392191 	 3 	 6
2901381779 	 2 	 0
776944543 	 5 	 21
2990372162 	 0 	 1
2758604684 	 4 	 10
1461221072 	 0 	 2
485092079 	 11 	 2
2984351758 	 3 	 4
1660862594 	 0 	 4
1599087102 	 2 	 7
1720324578 	 1 	 0
862154029 	 48 	 35
1093113722 	 23 	 35
2737592436 	 0 	 50
301803979 	 0 	 1
2952572626 	 5 	 10
1850202151 	 0 	 2
905312215 	 33 	 66
2429289385 	 0 	 3
2337404155 	 0 	 6
2857951264 	 29 	 103
1347407940 	 1 	 3
24919244 	 9 	 6
1065741258 	 0 	 1
2804774814 	 4 	 2
17021806 	 10 	 9
2769504706 	 5 	 0
2832599647 	 2 	 3
1958385121 	 0 	 1
1252358592 	 0 	 7
122463378 	 16 	 66
61697642 	 1 	 0
872844266 	 9 	 10
1436149489 	 8 	 40
2962441832 	 15 	 13
472364249 	 9 	 0
3015908311 	 62 	 88
3073404545 	 9 	 10
2310602817 	 2 	 2
148382170 	 40 	 23
287728950 	 1 	 5
2193489145 	 41 	 130
856373448 	 0 	 6
2760652822 	 0 	 6
1626991808 	 1 	 1
338908667 	 3 	 6
2763630797 	 4 	 1
1548066919 	 77 	 47
3114129054 	 8 	 7
1105600160 	 1 	 1
3006444471 	 37 	 0
843629382 	 0 	 1
893898265 	 7 	 5
1277332280 	 2 	 0
824580806 	 0 	 1
2470356449 	 11 	 8
1363270812 	 1 	 1
32759193 	 18 	 29
2674273364 	 0 	 26
2956693163 	 0 	 4
400120758 	 2 	 16
126710614 	 22 	 64
118191101 	 6 	 1
1608489133 	 0 	 3
474047032 	 1 	 1
160228888 	 0 	 4
2337413886 	 40 	 165
2326488587 	 1 	 1
102625991 	 25 	 98
875705425 	 3 	 0
2277988784 	 25 	 4
2576323691 	 3 	 5
259534529 	 5 	 2
2313235804 	 51 	 90
783411500 	 4 	 3
2969087559 	 0 	 1
2417915924 	 5 	 3
2818354531 	 25 	 18
number of nodes: 4038
